1 308
2 1301
3 837
4 1200
5 1099
6 34
7 26
8 197
9 815
10 2200
11 2451
12 2157
13 759
14 2383
15 1952
16 1619
17 270
18 220
19 916
20 768
21 1352
22 374
23 2268
24 854
25 2080
26 468
27 254
28 113
29 2470
30 215
31 1022
32 2159
33 2044
34 2160
35 430
36 1771
37 1794
38 280
39 334
40 2216
41 888
42 2489
43 1420
44 2215
45 1141
46 699
47 540
48 756
49 1178
50 2107
51 352
52 2210
53 834
54 1599
55 1001
56 347
57 426
58 844
59 1773
60 2261
61 1904
62 2401
63 1300
64 1931
65 1305
66 647
67 1933
68 275
69 738
70 1138
71 390
72 498
73 581
74 1621
75 1638
76 1866
77 2240
78 978
79 1813
80 1667
81 1284
82 2494
83 1032
84 2453
85 1113
86 544
87 2009
88 2193
89 583
90 1430
91 1263
92 2054
93 528
94 681
95 1395
96 1056
97 1962
98 705
99 1811
100 1831
101 726
102 2328
103 1529
104 974
105 198
106 1662
107 935
108 2006
109 1765
110 807
111 494
112 947
113 1421
114 1389
115 2249
116 2399
117 373
118 453
119 1874
120 2184
121 507
122 219
123 1228
124 1450
125 2073
126 2396
127 2185
128 1296
129 1802
130 856
131 1484
132 574
133 136
134 423
135 1822
136 912
137 1604
138 1982
139 1787
140 970
141 2108
142 2457
143 410
144 358
145 1652
146 1080
147 1149
148 1261
149 2406
150 1182
151 1188
152 569
153 103
154 238
155 2353
156 2247
157 1532
158 105
159 481
160 1521
161 1837
162 2398
163 1357
164 1782
165 259
166 2350
167 867
168 2017
169 2144
170 1955
171 945
172 128
173 1873
174 1373
175 1469
176 571
177 439
178 469
179 1212
180 1230
181 1366
182 841
183 1330
184 2359
185 2255
186 1649
187 1073
188 442
189 506
190 2218
191 2284
192 157
193 644
194 1951
195 2293
196 546
197 225
198 18
199 2368
200 1061
201 2256
202 1114
203 1406
204 533
205 959
206 1593
207 1392
208 872
209 1210
210 1274
211 2251
212 360
213 972
214 1700
215 1725
216 628
217 261
218 1110
219 556
220 847
221 2492
222 641
223 1600
224 1891
225 1922
226 1309
227 1562
228 1302
229 1490
230 1047
231 1635
232 707
233 1445
234 2378
235 1944
236 397
237 619
238 2400
239 1496
240 1042
241 2297
242 1957
243 1697
244 1838
245 2149
246 1930
247 930
248 1897
249 762
250 1768
251 1602
252 2025
253 377
254 503
255 2450
256 432
257 2199
258 354
259 2331
260 2097
261 2093
262 2086
263 552
264 394
265 1609
266 1416
267 227
268 2355
269 1730
270 1271
271 336
272 960
273 1101
274 1231
275 2362
276 2415
277 798
278 1413
279 87
280 1152
281 688
282 652
283 2482
284 2312
285 1116
286 537
287 994
288 2123
289 2094
290 1222
291 1336
292 625
293 450
294 2118
295 2062
296 84
297 2217
298 594
299 1848
300 1436
301 1180
302 402
303 701
304 514
305 1332
306 1503
307 1082
308 1081
309 1066
310 1797
311 2447
312 683
313 1868
314 2038
315 274
316 50
317 2195
318 440
319 1666
320 2089
321 284
322 1763
323 245
324 1470
325 1988
326 810
327 1819
328 1315
329 2021
330 980
331 1835
332 1144
333 2212
334 1966
335 1426
336 1
337 1179
338 727
339 2167
340 166
341 383
342 703
343 2493
344 2067
345 2439
346 2242
347 2055
348 2181
349 1742
350 1752
351 2122
352 1769
353 2027
354 331
355 79
356 915
357 1851
358 1612
359 1201
360 1928
361 575
362 380
363 922
364 785
365 1163
366 475
367 287
368 264
369 779
370 597
371 2337
372 1052
373 267
374 2329
375 1537
376 299
377 2380
378 1978
379 1668
380 1181
381 1397
382 729
383 961
384 909
385 2456
386 1211
387 799
388 2098
389 1549
390 1139
391 794
392 371
393 2081
394 1342
395 1095
396 1333
397 3
398 821
399 526
400 1306
401 1090
402 1077
403 1446
404 2178
405 775
406 1530
407 483
408 1591
409 957
410 1713
411 680
412 2344
413 1805
414 19
415 1399
416 1808
417 634
418 1451
419 835
420 1020
421 986
422 1467
423 2029
424 1726
425 379
426 786
427 2440
428 2106
429 723
430 2417
431 2179
432 948
433 521
434 1656
435 479
436 2246
437 2371
438 1545
439 2043
440 2358
441 2100
442 1287
443 1902
444 1286
445 1899
446 973
447 1727
448 2288
449 963
450 1893
451 1247
452 761
453 2376
454 1832
455 189
456 158
457 2077
458 620
459 747
460 2478
461 618
462 1053
463 824
464 2480
465 1405
466 570
467 2433
468 737
469 2213
470 1736
471 1780
472 2168
473 1665
474 1334
475 820
476 1483
477 1651
478 1606
479 1783
480 565
481 830
482 1471
483 2339
484 1204
485 964
486 901
487 1127
488 1027
489 1219
490 1350
491 605
492 112
493 1775
494 2234
495 2087
496 2458
497 393
498 712
499 15
500 1953
501 1043
502 1589
503 1862
504 2324
505 2491
506 1195
507 1031
508 1795
509 1833
510 1235
511 1699
512 1267
513 662
514 587
515 1864
516 2126
517 895
518 253
519 898
520 72
521 221
522 2175
523 2390
524 461
525 149
526 1753
527 2151
528 2148
529 2315
530 596
531 1353
532 1117
533 1585
534 1673
535 1276
536 1257
537 1887
538 2320
539 736
540 1663
541 1369
542 187
543 159
544 2322
545 1538
546 721
547 1523
548 1479
549 43
550 1440
551 9
552 154
553 864
554 190
555 2003
556 572
557 104
558 2066
559 2004
560 927
561 33
562 2104
563 817
564 1417
565 541
566 335
567 201
568 2152
569 2120
570 474
571 566
572 903
573 717
574 1414
575 1571
576 1958
577 1086
578 535
579 95
580 1096
581 1539
582 1572
583 1872
584 2452
585 1038
586 1829
587 692
588 404
589 689
590 1102
591 868
592 706
593 1830
594 1270
595 1847
596 686
597 702
598 146
599 389
600 910
601 676
602 2197
603 1551
604 405
605 504
606 329
607 1826
608 366
609 645
610 2333
611 473
612 2116
613 2442
614 1710
615 2313
616 2303
617 859
618 2438
619 1970
620 1995
621 2308
622 2258
623 1513
624 2372
625 1557
626 449
627 60
628 340
629 896
630 324
631 487
632 2332
633 604
634 6
635 167
636 1840
637 378
638 2119
639 2272
640 1189
641 1280
642 2486
643 871
644 2300
645 102
646 211
647 1740
648 600
649 889
650 1438
651 839
652 1504
653 1252
654 310
655 1119
656 793
657 68
658 2112
659 1923
660 75
661 372
662 325
663 1209
664 887
665 237
666 339
667 1166
668 1679
669 975
670 1924
671 443
672 416
673 2318
674 1737
675 601
676 2128
677 2164
678 635
679 2078
680 1343
681 138
682 1659
683 1480
684 1060
685 1961
686 1986
687 1894
688 1542
689 1588
690 292
691 1363
692 2422
693 32
694 2188
695 694
696 170
697 2479
698 2225
699 602
700 559
701 2334
702 862
703 1814
704 1597
705 1498
706 987
707 1058
708 1766
709 2388
710 375
711 1344
712 1574
713 1738
714 1050
715 1087
716 1559
717 840
718 29
719 869
720 640
721 482
722 1869
723 54
724 1481
725 2459
726 2079
727 317
728 1983
729 1029
730 2346
731 1792
732 2273
733 1858
734 1898
735 493
736 788
737 341
738 728
739 2015
740 590
741 665
742 2500
743 179
744 457
745 1631
746 648
747 923
748 1485
749 2366
750 899
751 1582
752 2363
753 531
754 37
755 2209
756 2131
757 318
758 698
759 1772
760 1025
761 2407
762 240
763 776
764 78
765 1232
766 904
767 1637
768 1724
769 502
770 529
771 1522
772 2170
773 1550
774 177
775 773
776 643
777 2143
778 874
779 1963
780 2361
781 1155
782 1281
783 962
784 2462
785 153
786 309
787 1901
788 2072
789 1973
790 971
791 1566
792 344
793 1192
794 940
795 1402
796 603
797 2292
798 216
799 842
800 1517
801 965
802 1006
803 1849
804 1998
805 1527
806 1385
807 229
808 1908
809 126
810 243
811 1914
812 48
813 1846
814 1540
815 2349
816 749
817 1364
818 69
819 1615
820 2270
821 967
822 2402
823 2367
824 524
825 1714
826 1146
827 1959
828 827
829 2022
830 1859
831 2278
832 2269
833 955
834 1854
835 80
836 412
837 2377
838 57
839 2413
840 560
841 1916
842 621
843 1560
844 1720
845 1000
846 266
847 606
848 1721
849 2467
850 1171
851 409
852 1598
853 346
854 1491
855 125
856 2189
857 1669
858 919
859 321
860 2101
861 567
862 176
863 803
864 1142
865 1002
866 2425
867 322
868 838
869 636
870 1960
871 1129
872 90
873 370
874 117
875 2191
876 1918
877 956
878 1010
879 272
880 2472
881 1193
882 119
883 265
884 1431
885 2138
886 2243
887 1764
888 1531
889 767
890 92
891 1345
892 557
893 931
894 2325
895 722
896 1447
897 1885
898 1506
899 147
900 1153
901 755
902 447
903 2309
904 2423
905 696
906 870
907 1255
908 1798
909 199
910 1518
911 1640
912 260
913 2226
914 783
915 2227
916 1476
917 1519
918 384
919 653
920 900
921 1323
922 1981
923 2036
924 1890
925 539
926 91
927 2039
928 362
929 2326
930 142
931 1072
932 2180
933 968
934 1731
935 2374
936 1337
937 580
938 576
939 614
940 806
941 343
942 348
943 1422
944 917
945 920
946 1319
947 332
948 2018
949 1812
950 1407
951 2129
952 1223
953 25
954 433
955 61
956 2277
957 337
958 934
959 1999
960 1168
961 1641
962 1174
963 1396
964 2356
965 1121
966 1065
967 1012
968 2262
969 1610
970 1418
971 1427
972 1362
973 2139
974 624
975 2074
976 188
977 2426
978 414
979 1512
980 928
981 1729
982 1770
983 67
984 1732
985 1335
986 725
987 816
988 639
989 174
990 2265
991 1586
992 1509
993 1568
994 1861
995 1316
996 1739
997 2113
998 1458
999 314
1000 257
1001 5
1002 1187
1003 1016
1004 993
1005 217
1006 582
1007 766
1008 1452
1009 848
1010 2109
1011 2182
1012 333
1013 2058
1014 145
1015 2046
1016 349
1017 1781
1018 2369
1019 851
1020 98
1021 44
1022 2030
1023 1855
1024 659
1025 2037
1026 1293
1027 386
1028 400
1029 355
1030 2013
1031 1112
1032 2253
1033 890
1034 1895
1035 2059
1036 1680
1037 2040
1038 277
1039 406
1040 2431
1041 548
1042 66
1043 2026
1044 2484
1045 1448
1046 1383
1047 2347
1048 1202
1049 1331
1050 2091
1051 255
1052 454
1053 1976
1054 1264
1055 752
1056 2475
1057 966
1058 499
1059 617
1060 763
1061 1324
1062 307
1063 949
1064 1262
1065 1196
1066 1879
1067 2357
1068 252
1069 222
1070 2281
1071 865
1072 608
1073 2117
1074 1303
1075 1497
1076 2499
1077 734
1078 1744
1079 784
1080 2316
1081 127
1082 2483
1083 269
1084 2298
1085 316
1086 517
1087 1410
1088 2011
1089 809
1090 1696
1091 777
1092 1644
1093 2381
1094 1358
1095 588
1096 2296
1097 1453
1098 2382
1099 877
1100 671
1101 1920
1102 1850
1103 1708
1104 466
1105 2032
1106 1013
1107 1977
1108 654
1109 1624
1110 1359
1111 1628
1112 1990
1113 2454
1114 1239
1115 293
1116 633
1117 40
1118 1256
1119 857
1120 1494
1121 150
1122 905
1123 1374
1124 1692
1125 1520
1126 1809
1127 1468
1128 742
1129 1313
1130 207
1131 2446
1132 855
1133 536
1134 186
1135 708
1136 1035
1137 953
1138 1265
1139 451
1140 24
1141 1250
1142 1954
1143 1917
1144 765
1145 1482
1146 2449
1147 2301
1148 35
1149 73
1150 262
1151 305
1152 1510
1153 1130
1154 1587
1155 2088
1156 660
1157 884
1158 1049
1159 2035
1160 685
1161 715
1162 739
1163 1645
1164 2092
1165 790
1166 1905
1167 458
1168 1750
1169 2205
1170 573
1171 1636
1172 242
1173 629
1174 2306
1175 1495
1176 2124
1177 58
1178 1784
1179 2014
1180 740
1181 944
1182 2463
1183 131
1184 388
1185 2260
1186 753
1187 527
1188 2495
1189 2408
1190 607
1191 1132
1192 2150
1193 1701
1194 1206
1195 1528
1196 2034
1197 2488
1198 812
1199 1546
1200 52
1201 796
1202 2392
1203 1348
1204 1190
1205 185
1206 1748
1207 2497
1208 1246
1209 230
1210 1921
1211 2158
1212 2028
1213 1793
1214 1880
1215 818
1216 1501
1217 1706
1218 1743
1219 2196
1220 1575
1221 1573
1222 551
1223 56
1224 1371
1225 875
1226 1167
1227 2351
1228 936
1229 695
1230 1896
1231 1382
1232 1722
1233 1304
1234 1463
1235 1183
1236 74
1237 1048
1238 1785
1239 10
1240 2360
1241 913
1242 2063
1243 1552
1244 1091
1245 21
1246 1376
1247 937
1248 1298
1249 1596
1250 2064
1251 463
1252 1759
1253 1326
1254 476
1255 1205
1256 509
1257 852
1258 1465
1259 2307
1260 1774
1261 1790
1262 424
1263 1092
1264 1956
1265 135
1266 1834
1267 1107
1268 82
1269 1946
1270 319
1271 1911
1272 1719
1273 206
1274 1754
1275 2065
1276 615
1277 1462
1278 480
1279 2245
1280 2177
1281 2114
1282 1143
1283 1734
1284 1460
1285 1536
1286 96
1287 542
1288 1671
1289 382
1290 1515
1291 438
1292 2327
1293 268
1294 1767
1295 195
1296 30
1297 399
1298 1243
1299 93
1300 720
1301 1499
1302 1388
1303 2102
1304 2437
1305 638
1306 985
1307 2132
1308 353
1309 2135
1310 160
1311 100
1312 1810
1313 311
1314 1044
1315 330
1316 1788
1317 943
1318 1124
1319 425
1320 1871
1321 1741
1322 1882
1323 1054
1324 1015
1325 2290
1326 2051
1327 2395
1328 1525
1329 1277
1330 1620
1331 2238
1332 1145
1333 880
1334 1014
1335 156
1336 2127
1337 2012
1338 42
1339 1408
1340 1240
1341 1444
1342 2340
1343 171
1344 111
1345 999
1346 448
1347 489
1348 743
1349 1942
1350 31
1351 181
1352 1289
1353 1601
1354 1500
1355 1386
1356 1233
1357 1715
1358 315
1359 1553
1360 632
1361 392
1362 2019
1363 1295
1364 2176
1365 452
1366 118
1367 924
1368 2279
1369 1698
1370 1028
1371 1943
1372 2060
1373 1992
1374 1135
1375 885
1376 687
1377 719
1378 1994
1379 231
1380 196
1381 631
1382 2222
1383 16
1384 1019
1385 1875
1386 780
1387 1776
1388 1011
1389 1434
1390 801
1391 428
1392 1234
1393 38
1394 2169
1395 610
1396 693
1397 1827
1398 2341
1399 853
1400 1912
1401 465
1402 2211
1403 2473
1404 1534
1405 1026
1406 2498
1407 982
1408 1477
1409 1839
1410 1535
1411 1338
1412 1777
1413 2352
1414 122
1415 1508
1416 1702
1417 1207
1418 1561
1419 2448
1420 1979
1421 764
1422 1288
1423 2121
1424 878
1425 115
1426 2411
1427 1844
1428 1340
1429 1370
1430 1749
1431 1577
1432 1098
1433 1454
1434 2386
1435 143
1436 1993
1437 1120
1438 1008
1439 1424
1440 2304
1441 1646
1442 2047
1443 446
1444 1294
1445 519
1446 302
1447 711
1448 2420
1449 1093
1450 1613
1451 363
1452 1466
1453 2192
1454 609
1455 1268
1456 2190
1457 365
1458 2219
1459 49
1460 1162
1461 1592
1462 804
1463 22
1464 709
1465 65
1466 71
1467 1275
1468 289
1469 2165
1470 193
1471 979
1472 1564
1473 772
1474 1626
1475 350
1476 97
1477 800
1478 2056
1479 2023
1480 2259
1481 545
1482 2
1483 2244
1484 313
1485 1967
1486 226
1487 1387
1488 520
1489 989
1490 169
1491 89
1492 2263
1493 1339
1494 713
1495 511
1496 2133
1497 850
1498 1349
1499 672
1500 1607
1501 2294
1502 2275
1503 1570
1504 1273
1505 1169
1506 1915
1507 2348
1508 1642
1509 787
1510 2434
1511 2418
1512 718
1513 1104
1514 2236
1515 1003
1516 2305
1517 1213
1518 1594
1519 1516
1520 1653
1521 2162
1522 1707
1523 1761
1524 294
1525 1965
1526 2069
1527 1892
1528 8
1529 2994
1530 1170
1531 205
1532 1063
1533 902
1534 976
1535 1428
1536 155
1537 2403
1538 778
1539 273
1540 1083
1541 2429
1542 23
1543 1821
1544 290
1545 396
1546 1312
1547 558
1548 213
1549 1760
1550 1435
1551 2007
1552 376
1553 2137
1554 1486
1555 1816
1556 1658
1557 2414
1558 1565
1559 1625
1560 184
1561 2041
1562 45
1563 64
1564 983
1565 304
1566 2464
1567 368
1568 938
1569 691
1570 2186
1571 107
1572 1244
1573 757
1574 1097
1575 1472
1576 2000
1577 1403
1578 891
1579 1400
1580 627
1581 478
1582 2283
1583 133
1584 669
1585 327
1586 1614
1587 312
1588 1160
1589 1605
1590 1799
1591 735
1592 1384
1593 1464
1594 1327
1595 1111
1596 2342
1597 110
1598 485
1599 1856
1600 285
1601 1991
1602 2427
1603 795
1604 398
1605 893
1606 553
1607 1355
1608 2202
1609 2141
1610 2031
1611 863
1612 2410
1613 555
1614 101
1615 716
1616 673
1617 283
1618 2469
1619 969
1620 568
1621 697
1622 1346
1623 46
1624 2468
1625 2354
1626 1282
1627 532
1628 94
1629 515
1630 1245
1631 1643
1632 1154
1633 2416
1634 168
1635 2174
1636 1299
1637 1176
1638 510
1639 2201
1640 1229
1641 2082
1642 2052
1643 2370
1644 2001
1645 1629
1646 586
1647 1004
1648 1123
1649 1062
1650 1580
1651 1488
1652 2103
1653 47
1654 1703
1655 1803
1656 2183
1657 144
1658 1351
1659 2076
1660 929
1661 1067
1662 2384
1663 1023
1664 2412
1665 1133
1666 1884
1667 421
1668 2481
1669 286
1670 941
1671 1533
1672 7
1673 1214
1674 328
1675 995
1676 139
1677 2287
1678 1583
1679 1076
1680 1489
1681 63
1682 1945
1683 1322
1684 2045
1685 2111
1686 1502
1687 1269
1688 2154
1689 828
1690 825
1691 444
1692 882
1693 523
1694 714
1695 2443
1696 1675
1697 2299
1698 1197
1699 1617
1700 1347
1701 1024
1702 657
1703 500
1704 1987
1705 278
1706 1690
1707 1852
1708 295
1709 1689
1710 2252
1711 1672
1712 2432
1713 988
1714 1989
1715 486
1716 1569
1717 996
1718 282
1719 271
1720 351
1721 1473
1722 298
1723 843
1724 1164
1725 1290
1726 1159
1727 1910
1728 1184
1729 585
1730 1415
1731 1140
1732 2485
1733 1576
1734 637
1735 137
1736 77
1737 470
1738 1156
1739 1134
1740 1913
1741 1524
1742 684
1743 495
1744 223
1745 462
1746 194
1747 2224
1748 1745
1749 28
1750 1328
1751 422
1752 918
1753 1934
1754 1105
1755 1487
1756 1172
1757 281
1758 1547
1759 1883
1760 1860
1761 456
1762 946
1763 1800
1764 700
1765 464
1766 1157
1767 2096
1768 1007
1769 990
1770 704
1771 593
1772 789
1773 2115
1774 1786
1775 1974
1776 1125
1777 2084
1778 1128
1779 1657
1780 1147
1781 1398
1782 2136
1783 664
1784 846
1785 408
1786 914
1787 892
1788 2198
1789 1919
1790 2379
1791 501
1792 1584
1793 1492
1794 612
1795 1191
1796 338
1797 1122
1798 1650
1799 36
1800 2153
1801 1888
1802 1040
1803 419
1804 1526
1805 2016
1806 2285
1807 1064
1808 1356
1809 359
1810 1900
1811 1975
1812 1461
1813 954
1814 279
1815 2345
1816 251
1817 984
1818 1308
1819 20
1820 1236
1821 182
1822 471
1823 894
1824 1841
1825 2385
1826 1755
1827 1878
1828 906
1829 679
1830 651
1831 1089
1832 1198
1833 1318
1834 477
1835 1425
1836 2172
1837 1161
1838 132
1839 668
1840 1685
1841 879
1842 981
1843 1925
1844 1297
1845 1647
1846 1828
1847 2010
1848 1618
1849 2409
1850 578
1851 2364
1852 2257
1853 1648
1854 342
1855 592
1856 1543
1857 2317
1858 303
1859 437
1860 2338
1861 1380
1862 152
1863 1718
1864 306
1865 1941
1866 858
1867 123
1868 674
1869 1131
1870 2090
1871 1291
1872 746
1873 1126
1874 88
1875 2477
1876 814
1877 1429
1878 1199
1879 41
1880 1693
1881 2042
1882 1225
1883 781
1884 85
1885 163
1886 1863
1887 161
1888 1796
1889 2237
1890 2228
1891 445
1892 508
1893 1544
1894 1108
1895 926
1896 2146
1897 655
1898 1964
1899 356
1900 214
1901 797
1902 1390
1903 1936
1904 2048
1905 1937
1906 2057
1907 811
1908 549
1909 320
1910 2235
1911 1939
1912 2155
1913 492
1914 1778
1915 192
1916 429
1917 291
1918 1676
1919 1253
1920 124
1921 1237
1922 2254
1923 2264
1924 13
1925 417
1926 1409
1927 826
1928 1307
1929 1948
1930 2365
1931 1608
1932 2321
1933 1074
1934 2295
1935 106
1936 436
1937 1393
1938 2291
1939 2068
1940 2460
1941 2204
1942 434
1943 2394
1944 760
1945 2267
1946 1442
1947 1078
1948 491
1949 563
1950 2005
1951 246
1952 550
1953 1084
1954 675
1955 907
1956 513
1957 2474
1958 2233
1959 2206
1960 1611
1961 1068
1962 2419
1963 1375
1964 1150
1965 1818
1966 562
1967 2156
1968 1175
1969 732
1970 1980
1971 1694
1972 235
1973 1221
1974 1432
1975 2166
1976 2455
1977 1272
1978 1632
1979 2330
1980 247
1981 1845
1982 991
1983 1940
1984 1581
1985 741
1986 2461
1987 180
1988 1823
1989 2083
1990 2465
1991 459
1992 403
1993 595
1994 791
1995 1419
1996 1997
1997 2147
1998 1681
1999 2441
2000 564
2001 2241
2002 1926
2003 248
2004 2428
2005 2271
2006 1746
2007 2250
2008 1735
2009 2282
2010 792
2011 2435
2012 1747
2013 2393
2014 554
2015 369
2016 2490
2017 1616
2018 823
2019 1630
2020 1474
2021 183
2022 2289
2023 1674
2024 1935
2025 1241
2026 1455
2027 130
2028 86
2029 1595
2030 584
2031 1733
2032 750
2033 2134
2034 1217
2035 1723
2036 460
2037 822
2038 1021
2039 148
2040 1005
2041 228
2042 411
2043 53
2044 1136
2045 172
2046 1947
2047 2391
2048 751
2049 2070
2050 1627
2051 1151
2052 1870
2053 2061
2054 2095
2055 2099
2056 1558
2057 2161
2058 808
2059 1437
2060 1354
2061 883
2062 1106
2063 522
2064 1686
2065 2163
2066 1367
2067 1603
2068 407
2069 616
2070 2319
2071 1717
2072 886
2073 301
2074 1033
2075 395
2076 2274
2077 1310
2078 1017
2079 1687
2080 1248
2081 129
2082 1148
2083 656
2084 758
2085 2075
2086 1423
2087 2476
2088 1950
2089 1186
2090 1069
2091 1100
2092 908
2093 1165
2094 774
2095 1758
2096 27
2097 1886
2098 1815
2099 467
2100 744
2101 2404
2102 120
2103 1412
2104 401
2105 2311
2106 1728
2107 831
2108 326
2109 381
2110 2436
2111 441
2112 1045
2113 1249
2114 233
2115 1807
2116 418
2117 1751
2118 1238
2119 2239
2120 472
2121 1368
2122 1836
2123 1411
2124 512
2125 239
2126 1876
2127 1283
2128 663
2129 1279
2130 2387
2131 1311
2132 591
2133 39
2134 724
2135 2140
2136 921
2137 1511
2138 598
2139 1825
2140 646
2141 813
2142 2229
2143 2230
2144 367
2145 771
2146 2397
2147 178
2148 297
2149 1018
2150 1633
2151 11
2152 276
2153 2336
2154 1889
2155 1677
2156 151
2157 364
2158 1695
2159 1266
2160 577
2161 1381
2162 1968
2163 2444
2164 2207
2165 950
2166 17
2167 1877
2168 1285
2169 667
2170 1716
2171 1094
2172 534
2173 2276
2174 202
2175 121
2176 2208
2177 1670
2178 730
2179 427
2180 589
2181 1938
2182 2471
2183 1682
2184 1216
2185 951
2186 1377
2187 62
2188 1185
2189 733
2190 1704
2191 1804
2192 997
2193 431
2194 1709
2195 1639
2196 860
2197 1137
2198 1220
2199 108
2200 1623
2201 1853
2202 1654
2203 942
2204 224
2205 829
2206 435
2207 1996
2208 1711
2209 2033
2210 218
2211 1404
2212 952
2213 204
2214 1660
2215 992
2216 2375
2217 642
2218 1039
2219 173
2220 1109
2221 1457
2222 1661
2223 1578
2224 1242
2225 55
2226 2314
2227 114
2228 1226
2229 1278
2230 1493
2231 1260
2232 543
2233 1251
2234 2053
2235 2024
2236 579
2237 2231
2238 234
2239 1037
2240 2323
2241 241
2242 1590
2243 670
2244 2214
2245 1194
2246 497
2247 1254
2248 939
2249 1085
2250 2343
2251 2286
2252 455
2253 81
2254 1579
2255 1969
2256 14
2257 622
2258 387
2259 2085
2260 1932
2261 1441
2262 1041
2263 1634
2264 2496
2265 1779
2266 1329
2267 258
2268 1705
2269 1046
2270 1514
2271 1554
2272 745
2273 212
2274 2203
2275 99
2276 849
2277 244
2278 1208
2279 1030
2280 1459
2281 1806
2282 2071
2283 802
2284 1820
2285 76
2286 1034
2287 256
2288 1158
2289 1314
2290 866
2291 232
2292 2310
2293 1456
2294 2280
2295 250
2296 836
2297 385
2298 420
2299 2248
2300 1843
2301 1949
2302 832
2303 677
2304 208
2305 1548
2306 1929
2307 1258
2308 1857
2309 2002
2310 1449
2311 249
2312 4
2313 1051
2314 2008
2315 1059
2316 805
2317 1173
2318 1433
2319 203
2320 1664
2321 2125
2322 2194
2323 650
2324 1712
2325 873
2326 1057
2327 296
2328 1401
2329 164
2330 2302
2331 1789
2332 731
2333 1655
2334 1317
2335 1683
2336 1227
2337 1215
2338 1971
2339 1394
2340 932
2341 1075
2342 1906
2343 754
2344 1036
2345 2171
2346 1801
2347 1071
2348 2187
2349 1391
2350 530
2351 1055
2352 1865
2353 1439
2354 769
2355 1555
2356 323
2357 134
2358 1824
2359 876
2360 2110
2361 1103
2362 881
2363 613
2364 1756
2365 361
2366 1622
2367 2994
2368 2232
2369 12
2370 611
2371 484
2372 191
2373 833
2374 1360
2375 2020
2376 490
2377 1365
2378 2142
2379 1341
2380 1115
2381 933
2382 1224
2383 109
2384 1379
2385 819
2386 690
2387 2266
2388 2466
2389 488
2390 2049
2391 175
2392 666
2393 958
2394 1817
2395 1292
2396 525
2397 1541
2398 2421
2399 1475
2400 623
2401 782
2402 288
2403 1984
2404 1985
2405 2389
2406 2335
2407 140
2408 2223
2409 1320
2410 1678
2411 1259
2412 209
2413 925
2414 1909
2415 2487
2416 538
2417 263
2418 1321
2419 1505
2420 1361
2421 496
2422 1842
2423 897
2424 1927
2425 1757
2426 1378
2427 630
2428 300
2429 2050
2430 83
2431 911
2432 518
2433 1684
2434 1791
2435 2445
2436 141
2437 2130
2438 2220
2439 748
2440 1203
2441 413
2442 1903
2443 998
2444 1867
2445 1563
2446 2221
2447 678
2448 1691
2449 70
2450 561
2451 2405
2452 165
2453 1325
2454 1070
2455 2173
2456 210
2457 1372
2458 770
2459 200
2460 1079
2461 845
2462 1177
2463 345
2464 1907
2465 1218
2466 661
2467 1688
2468 649
2469 682
2470 1972
2471 1567
2472 2430
2473 626
2474 1556
2475 2373
2476 415
2477 2105
2478 162
2479 2145
2480 505
2481 710
2482 51
2483 658
2484 1507
2485 357
2486 977
2487 1881
2488 391
2489 861
2490 516
2491 1009
2492 1118
2493 116
2494 236
2495 1443
2496 1088
2497 599
2498 2424
2499 1478
2500 2994