1 841
2 532
3 450
4 249
5 280
6 567
7 834
8 1367
9 1217
10 2205
11 614
12 1757
13 606
14 2031
15 1195
16 1793
17 1845
18 735
19 2183
20 168
21 2432
22 156
23 594
24 2090
25 1892
26 1325
27 2390
28 693
29 918
30 477
31 1888
32 540
33 1355
34 256
35 738
36 191
37 413
38 1362
39 2494
40 2198
41 424
42 464
43 923
44 2289
45 2434
46 170
47 147
48 144
49 1308
50 1209
51 202
52 127
53 1181
54 2371
55 311
56 766
57 1649
58 1645
59 559
60 603
61 1073
62 977
63 690
64 2295
65 1871
66 1318
67 1566
68 473
69 2339
70 702
71 175
72 657
73 1703
74 802
75 864
76 732
77 714
78 1463
79 2067
80 783
81 927
82 711
83 1227
84 771
85 442
86 615
87 1955
88 846
89 1598
90 1883
91 1668
92 462
93 1972
94 585
95 1432
96 699
97 1183
98 748
99 1600
100 167
101 1650
102 246
103 2425
104 2217
105 2332
106 19
107 2023
108 1723
109 2457
110 1297
111 518
112 263
113 882
114 1733
115 1764
116 193
117 1309
118 1584
119 341
120 1593
121 1863
122 524
123 533
124 2451
125 2422
126 601
127 1313
128 314
129 1298
130 1386
131 654
132 2488
133 966
134 285
135 1089
136 502
137 1971
138 1022
139 2472
140 2464
141 1025
142 751
143 1518
144 1906
145 1504
146 355
147 2078
148 1926
149 577
150 189
151 1715
152 253
153 1657
154 137
155 2452
156 1946
157 1851
158 1993
159 779
160 173
161 2441
162 1544
163 2007
164 1255
165 618
166 1322
167 835
168 676
169 625
170 901
171 2164
172 1720
173 344
174 2325
175 2291
176 281
177 1244
178 2994
179 1608
180 964
181 1681
182 1306
183 1314
184 808
185 2304
186 2310
187 2105
188 888
189 1837
190 2326
191 463
192 1654
193 2196
194 925
195 1631
196 759
197 2250
198 733
199 669
200 1858
201 806
202 1460
203 996
204 2132
205 955
206 2260
207 1543
208 1878
209 2210
210 2080
211 342
212 236
213 1990
214 1854
215 980
216 822
217 2039
218 755
219 1927
220 781
221 2359
222 1203
223 2086
224 574
225 666
226 1746
227 2463
228 2465
229 613
230 1872
231 2258
232 1718
233 391
234 2139
235 2225
236 316
237 1669
238 2027
239 1812
240 1522
241 1531
242 261
243 1465
244 2493
245 718
246 472
247 337
248 1387
249 1373
250 1931
251 572
252 312
253 529
254 2366
255 1442
256 586
257 1393
258 435
259 1363
260 456
261 1042
262 1319
263 826
264 910
265 2140
266 2189
267 1596
268 401
269 2156
270 2230
271 1783
272 1556
273 1716
274 857
275 2181
276 994
277 226
278 1011
279 707
280 538
281 1204
282 325
283 8
284 2197
285 2180
286 730
287 812
288 2244
289 1893
290 101
291 663
292 1448
293 1218
294 1167
295 1962
296 2382
297 895
298 992
299 1609
300 2081
301 34
302 1016
303 1304
304 1942
305 1624
306 902
307 1091
308 678
309 1352
310 136
311 1885
312 1334
313 1481
314 961
315 969
316 362
317 2393
318 67
319 978
320 1804
321 1546
322 786
323 2131
324 929
325 1954
326 1980
327 155
328 458
329 1461
330 1060
331 1254
332 1071
333 1315
334 160
335 1567
336 604
337 1029
338 2994
339 1859
340 2008
341 1477
342 1169
343 677
344 534
345 988
346 2268
347 975
348 444
349 670
350 273
351 1964
352 1443
353 2360
354 2046
355 976
356 2430
357 486
358 1428
359 798
360 385
361 2254
362 1392
363 2233
364 1706
365 203
366 1747
367 1074
368 2311
369 1936
370 546
371 2276
372 2226
373 1316
374 1553
375 1721
376 830
377 1086
378 221
379 570
380 369
381 785
382 1534
383 1028
384 667
385 1258
386 258
387 519
388 1236
389 1683
390 1383
391 2052
392 1660
393 376
394 671
395 228
396 2190
397 2055
398 1710
399 1827
400 1388
401 1124
402 1798
403 2043
404 2206
405 1431
406 2994
407 756
408 537
409 2042
410 2285
411 2082
412 405
413 1784
414 985
415 1610
416 1779
417 2011
418 513
419 2129
420 2165
421 1928
422 1116
423 75
424 1423
425 2118
426 343
427 339
428 1676
429 649
430 919
431 589
432 1873
433 445
434 1161
435 2192
436 2401
437 899
438 713
439 270
440 916
441 1636
442 1356
443 74
444 1818
445 227
446 932
447 777
448 2162
449 796
450 2158
451 2269
452 1704
453 1141
454 2015
455 703
456 1737
457 166
458 1874
459 2207
460 1523
461 1549
462 482
463 360
464 1545
465 1416
466 1090
467 967
468 824
469 1525
470 1450
471 2375
472 5
473 1045
474 235
475 784
476 791
477 998
478 1094
479 1625
480 736
481 874
482 659
483 2150
484 1165
485 129
486 825
487 1717
488 1819
489 2047
490 366
491 773
492 1467
493 838
494 224
495 1973
496 205
497 1810
498 2044
499 1729
500 1868
501 555
502 2091
503 1397
504 1036
505 2003
506 157
507 2340
508 2498
509 1713
510 2187
511 1743
512 1248
513 1266
514 1371
515 1910
516 100
517 68
518 386
519 1538
520 1241
521 1487
522 1080
523 1895
524 719
525 62
526 57
527 215
528 1002
529 1225
530 1400
531 2032
532 509
533 1127
534 254
535 1330
536 1969
537 103
538 1701
539 1354
540 768
541 321
542 1758
543 2265
544 2335
545 1601
546 159
547 568
548 269
549 2394
550 176
551 1111
552 1035
553 465
554 2231
555 350
556 989
557 1899
558 814
559 1852
560 1210
561 1646
562 1117
563 2367
564 233
565 528
566 1222
567 581
568 2318
569 200
570 1104
571 1348
572 1707
573 2152
574 1193
575 651
576 9
577 858
578 742
579 1763
580 298
581 216
582 752
583 1264
584 437
585 481
586 1838
587 40
588 1780
589 1889
590 2191
591 240
592 1898
593 2134
594 2208
595 35
596 211
597 1239
598 300
599 2293
600 1470
601 819
602 2277
603 813
604 1129
605 1276
606 114
607 1256
608 2020
609 1233
610 1031
611 1499
612 1133
613 1252
614 2245
615 878
616 2417
617 956
618 680
619 1947
620 1937
621 1267
622 1077
623 111
624 2016
625 1678
626 962
627 1568
628 1628
629 1280
630 1742
631 2148
632 1943
633 1118
634 377
635 531
636 2218
637 1076
638 1043
639 244
640 105
641 1527
642 971
643 22
644 1848
645 2127
646 1415
647 1171
648 1006
649 1453
650 1508
651 25
652 1913
653 1259
654 644
655 2302
656 2439
657 1995
658 2028
659 260
660 1328
661 981
662 1491
663 2133
664 1464
665 2079
666 717
667 192
668 1151
669 1632
670 308
671 1961
672 879
673 1846
674 1612
675 793
676 1378
677 359
678 2383
679 1825
680 1963
681 77
682 708
683 124
684 439
685 1123
686 939
687 872
688 1187
689 455
690 2123
691 146
692 429
693 1983
694 2266
695 885
696 661
697 2000
698 1290
699 408
700 898
701 1870
702 1880
703 2994
704 384
705 289
706 1275
707 2221
708 248
709 2336
710 2113
711 1651
712 1829
713 12
714 394
715 2467
716 1768
717 1974
718 2491
719 356
720 683
721 1509
722 2447
723 440
724 1948
725 1864
726 515
727 2256
728 1915
729 2251
730 1279
731 596
732 2048
733 1098
734 1570
735 284
736 1823
737 1012
738 728
739 2448
740 1483
741 1512
742 844
743 1591
744 1881
745 1357
746 856
747 623
748 1125
749 81
750 161
751 181
752 2479
753 2109
754 1459
755 1564
756 1004
757 1278
758 1109
759 1551
760 552
761 1965
762 723
763 1058
764 1692
765 695
766 1826
767 668
768 1620
769 2485
770 1311
771 1188
772 1403
773 1245
774 2327
775 1569
776 149
777 1786
778 1853
779 1404
780 911
781 1807
782 65
783 1250
784 2423
785 16
786 1528
787 1739
788 1287
789 2228
790 1999
791 2278
792 380
793 2395
794 837
795 315
796 764
797 1281
798 109
799 700
800 1799
801 433
802 673
803 1661
804 423
805 1505
806 1223
807 484
808 1582
809 143
810 687
811 126
812 1145
813 1366
814 973
815 1862
816 2049
817 765
818 635
819 1813
820 1033
821 15
822 2063
823 353
824 1282
825 1633
826 1490
827 1135
828 811
829 1164
830 1426
831 47
832 1052
833 1420
834 2346
835 387
836 1638
837 1219
838 1666
839 2372
840 1295
841 794
842 1144
843 438
844 2068
845 1157
846 1008
847 968
848 1575
849 1519
850 426
851 549
852 21
853 611
854 560
855 2353
856 1839
857 2345
858 217
859 1066
860 983
861 1774
862 2009
863 1643
864 530
865 2481
866 1789
867 271
868 468
869 1390
870 1374
871 2402
872 1257
873 367
874 639
875 569
876 2424
877 1639
878 213
879 392
880 2361
881 50
882 1532
883 2379
884 2307
885 2384
886 2151
887 1434
888 2232
889 1331
890 52
891 1634
892 2203
893 2163
894 1890
895 395
896 1359
897 85
898 2396
899 2097
900 1673
901 637
902 1767
903 2084
904 1726
905 2064
906 760
907 868
908 2385
909 485
910 1456
911 1421
912 1934
913 548
914 2460
915 632
916 1047
917 1273
918 816
919 288
920 6
921 476
922 2286
923 470
924 2281
925 861
926 1101
927 1018
928 425
929 1655
930 523
931 999
932 720
933 1120
934 403
935 2403
936 1243
937 2409
938 1752
939 1062
940 1405
941 1414
942 787
943 1381
944 1674
945 32
946 1358
947 2001
948 421
949 942
950 526
951 629
952 1329
953 1270
954 2320
955 2275
956 2051
957 1571
958 2034
959 2445
960 1323
961 2426
962 2075
963 2153
964 1494
965 1271
966 2475
967 1896
968 1586
969 1711
970 1770
971 1513
972 242
973 1621
974 1684
975 2373
976 1380
977 1059
978 2412
979 1230
980 503
981 449
982 1929
983 2170
984 1247
985 1044
986 1614
987 122
988 716
989 1175
990 1879
991 2171
992 1992
993 113
994 2400
995 2035
996 2085
997 963
998 851
999 774
1000 400
1001 621
1002 2355
1003 712
1004 1197
1005 1292
1006 2252
1007 2435
1008 1750
1009 543
1010 59
1011 1802
1012 866
1013 1147
1014 1401
1015 17
1016 2012
1017 1619
1018 1529
1019 2005
1020 2
1021 1840
1022 1242
1023 743
1024 1246
1025 665
1026 1009
1027 2242
1028 556
1029 2350
1030 309
1031 1517
1032 1524
1033 831
1034 1735
1035 1082
1036 936
1037 1856
1038 1824
1039 2186
1040 2380
1041 1606
1042 2446
1043 1708
1044 152
1045 852
1046 2453
1047 1930
1048 1438
1049 2415
1050 183
1051 943
1052 1918
1053 2416
1054 201
1055 1410
1056 2185
1057 622
1058 648
1059 1677
1060 1572
1061 2470
1062 1496
1063 2342
1064 1010
1065 7
1066 2255
1067 1140
1068 1727
1069 1370
1070 2461
1071 2429
1072 299
1073 1027
1074 2204
1075 1573
1076 933
1077 2343
1078 788
1079 1190
1080 471
1081 2222
1082 336
1083 2333
1084 422
1085 1136
1086 715
1087 608
1088 582
1089 1652
1090 1777
1091 1769
1092 2058
1093 1602
1094 709
1095 1291
1096 884
1097 2358
1098 881
1099 2135
1100 1730
1101 1622
1102 595
1103 2184
1104 352
1105 833
1106 1835
1107 1435
1108 1552
1109 2094
1110 2499
1111 1489
1112 1346
1113 265
1114 1670
1115 896
1116 1617
1117 721
1118 940
1119 682
1120 2069
1121 645
1122 1916
1123 640
1124 1671
1125 970
1126 557
1127 1152
1128 886
1129 1722
1130 1791
1131 1429
1132 1607
1133 2312
1134 1679
1135 1577
1136 908
1137 1260
1138 941
1139 2235
1140 843
1141 1697
1142 2496
1143 469
1144 512
1145 1457
1146 327
1147 674
1148 1288
1149 561
1150 1440
1151 2474
1152 2136
1153 1597
1154 2316
1155 2301
1156 1860
1157 508
1158 326
1159 1932
1160 2299
1161 2211
1162 2193
1163 2237
1164 1220
1165 1365
1166 1958
1167 2374
1168 1061
1169 1285
1170 194
1171 839
1172 660
1173 650
1174 2458
1175 131
1176 2306
1177 828
1178 2483
1179 478
1180 772
1181 272
1182 1272
1183 1914
1184 2454
1185 2247
1186 1641
1187 1587
1188 1547
1189 2071
1190 2450
1191 1174
1192 39
1193 536
1194 1253
1195 817
1196 1305
1197 972
1198 893
1199 2279
1200 2257
1201 18
1202 1691
1203 1184
1204 2099
1205 399
1206 1629
1207 2040
1208 206
1209 945
1210 1372
1211 800
1212 1226
1213 749
1214 10
1215 1637
1216 2050
1217 2033
1218 2444
1219 2468
1220 2413
1221 222
1222 1092
1223 1771
1224 2497
1225 42
1226 1952
1227 2469
1228 2322
1229 389
1230 2100
1231 1228
1232 346
1233 1541
1234 138
1235 1436
1236 212
1237 1180
1238 2337
1239 1814
1240 1511
1241 139
1242 2351
1243 706
1244 982
1245 1427
1246 1418
1247 616
1248 1277
1249 142
1250 905
1251 507
1252 688
1253 1338
1254 292
1255 701
1256 2296
1257 2386
1258 332
1259 823
1260 2287
1261 1040
1262 836
1263 2404
1264 1320
1265 762
1266 2328
1267 1576
1268 2406
1269 1900
1270 2182
1271 2076
1272 1921
1273 294
1274 2077
1275 1976
1276 1336
1277 1615
1278 286
1279 2338
1280 504
1281 2482
1282 2419
1283 169
1284 1724
1285 1865
1286 935
1287 291
1288 1559
1289 305
1290 2147
1291 489
1292 993
1293 1656
1294 63
1295 1986
1296 617
1297 1516
1298 1855
1299 1132
1300 390
1301 2303
1302 1561
1303 61
1304 2436
1305 1424
1306 2072
1307 1744
1308 1422
1309 1472
1310 1186
1311 141
1312 257
1313 2238
1314 1394
1315 115
1316 1229
1317 2243
1318 539
1319 753
1320 1411
1321 333
1322 1075
1323 782
1324 535
1325 2087
1326 598
1327 633
1328 2352
1329 1479
1330 1283
1331 592
1332 2329
1333 1391
1334 840
1335 237
1336 119
1337 2349
1338 163
1339 799
1340 264
1341 416
1342 1137
1343 875
1344 1497
1345 1103
1346 2263
1347 545
1348 1514
1349 1369
1350 1350
1351 974
1352 2392
1353 959
1354 1293
1355 1185
1356 158
1357 457
1358 1821
1359 330
1360 672
1361 1920
1362 544
1363 1754
1364 2364
1365 1030
1366 731
1367 1830
1368 232
1369 726
1370 990
1371 304
1372 2248
1373 2037
1374 917
1375 73
1376 944
1377 2368
1378 1335
1379 2283
1380 241
1381 2347
1382 1709
1383 1782
1384 490
1385 2018
1386 1903
1387 1765
1388 2408
1389 1539
1390 775
1391 1168
1392 1996
1393 953
1394 1466
1395 404
1396 1433
1397 1398
1398 647
1399 432
1400 1533
1401 496
1402 2284
1403 1809
1404 997
1405 778
1406 1221
1407 1300
1408 1866
1409 11
1410 500
1411 1748
1412 56
1413 2259
1414 1495
1415 29
1416 1894
1417 1182
1418 2330
1419 2229
1420 276
1421 619
1422 207
1423 1302
1424 2059
1425 318
1426 1216
1427 230
1428 1953
1429 739
1430 1478
1431 588
1432 2088
1433 520
1434 1756
1435 60
1436 415
1437 2004
1438 554
1439 1261
1440 900
1441 1689
1442 685
1443 1475
1444 1056
1445 2362
1446 2282
1447 2363
1448 2174
1449 185
1450 1728
1451 600
1452 2297
1453 2053
1454 1705
1455 1901
1456 296
1457 1857
1458 290
1459 1021
1460 223
1461 2438
1462 2141
1463 1143
1464 110
1465 991
1466 1473
1467 1548
1468 132
1469 1158
1470 1790
1471 1841
1472 1019
1473 2110
1474 558
1475 829
1476 2249
1477 2126
1478 1492
1479 2006
1480 1760
1481 1106
1482 2073
1483 1562
1484 1603
1485 36
1486 1107
1487 527
1488 2376
1489 268
1490 2098
1491 2253
1492 1112
1493 58
1494 809
1495 2159
1496 1515
1497 2334
1498 488
1499 950
1500 2492
1501 510
1502 1307
1503 1425
1504 1978
1505 1364
1506 13
1507 417
1508 1540
1509 140
1510 1312
1511 1557
1512 1268
1513 1882
1514 1904
1515 1949
1516 2313
1517 363
1518 628
1519 1126
1520 722
1521 2459
1522 1069
1523 1263
1524 1604
1525 792
1526 1482
1527 1455
1528 1672
1529 1100
1530 1897
1531 218
1532 1485
1533 587
1534 345
1535 1975
1536 406
1537 2437
1538 686
1539 1842
1540 1563
1541 282
1542 1207
1543 293
1544 1234
1545 1048
1546 2455
1547 364
1548 1119
1549 1142
1550 1778
1551 1762
1552 1063
1553 54
1554 2101
1555 658
1556 1680
1557 1734
1558 277
1559 1647
1560 550
1561 541
1562 116
1563 1049
1564 1130
1565 804
1566 2021
1567 357
1568 1970
1569 195
1570 1289
1571 2128
1572 642
1573 624
1574 1944
1575 234
1576 769
1577 1981
1578 505
1579 2300
1580 2172
1581 1007
1582 2388
1583 219
1584 634
1585 1579
1586 566
1587 689
1588 803
1589 1419
1590 1688
1591 1360
1592 1626
1593 2489
1594 610
1595 521
1596 684
1597 4
1598 2173
1599 1095
1600 1343
1601 483
1602 112
1603 1503
1604 906
1605 2178
1606 2273
1607 1849
1608 373
1609 2142
1610 412
1611 283
1612 1731
1613 2442
1614 1985
1615 805
1616 854
1617 1065
1618 2120
1619 1344
1620 1105
1621 891
1622 516
1623 1599
1624 2389
1625 1081
1626 1172
1627 2314
1628 2341
1629 1284
1630 1590
1631 2114
1632 2407
1633 2466
1634 239
1635 575
1636 104
1637 24
1638 1811
1639 178
1640 295
1641 451
1642 1412
1643 2029
1644 1050
1645 2274
1646 1154
1647 1039
1648 153
1649 924
1650 1349
1651 1402
1652 368
1653 2418
1654 2321
1655 2449
1656 209
1657 1102
1658 930
1659 452
1660 1907
1661 1991
1662 2212
1663 2440
1664 266
1665 573
1666 87
1667 2145
1668 259
1669 88
1670 33
1671 307
1672 255
1673 1471
1674 1884
1675 1177
1676 1379
1677 2270
1678 2013
1679 375
1680 767
1681 499
1682 1023
1683 2433
1684 1303
1685 1653
1686 1251
1687 652
1688 279
1689 1317
1690 46
1691 1550
1692 1484
1693 612
1694 1407
1695 960
1696 80
1697 2154
1698 820
1699 1114
1700 120
1701 1686
1702 1439
1703 1805
1704 2002
1705 2234
1706 915
1707 2397
1708 620
1709 1796
1710 1908
1711 2471
1712 1843
1713 26
1714 2239
1715 1803
1716 2024
1717 1269
1718 1199
1719 378
1720 28
1721 2019
1722 225
1723 1046
1724 2070
1725 1437
1726 931
1727 691
1728 1232
1729 630
1730 2062
1731 741
1732 2365
1733 1847
1734 1213
1735 681
1736 479
1737 2115
1738 1922
1739 1957
1740 2161
1741 2381
1742 1759
1743 354
1744 1740
1745 1795
1746 2137
1747 1695
1748 1375
1749 1741
1750 491
1751 208
1752 409
1753 1017
1754 187
1755 2124
1756 95
1757 1588
1758 1458
1759 2271
1760 1749
1761 1347
1762 2500
1763 1462
1764 904
1765 1153
1766 1083
1767 2045
1768 2487
1769 1201
1770 2240
1771 965
1772 1530
1773 1162
1774 1096
1775 214
1776 448
1777 1324
1778 679
1779 1623
1780 1493
1781 2223
1782 2138
1783 436
1784 1138
1785 2356
1786 1836
1787 761
1788 692
1789 1595
1790 951
1791 1262
1792 2490
1793 1051
1794 1869
1795 96
1796 492
1797 1502
1798 1067
1799 148
1800 329
1801 72
1802 1605
1803 379
1804 2495
1805 2405
1806 1808
1807 1542
1808 371
1809 1987
1810 197
1811 474
1812 947
1813 1413
1814 551
1815 188
1816 487
1817 407
1818 1087
1819 1832
1820 1844
1821 1189
1822 2014
1823 609
1824 1956
1825 430
1826 986
1827 1535
1828 2038
1829 1026
1830 427
1831 602
1832 1909
1833 1630
1834 2292
1835 2116
1836 2213
1837 467
1838 1911
1839 1321
1840 1345
1841 51
1842 396
1843 2195
1844 190
1845 626
1846 758
1847 133
1848 807
1849 1755
1850 1967
1851 913
1852 1160
1853 2398
1854 1163
1855 821
1856 1351
1857 1326
1858 870
1859 365
1860 789
1861 2410
1862 631
1863 2264
1864 1476
1865 2130
1866 1997
1867 2484
1868 801
1869 37
1870 93
1871 1395
1872 1887
1873 2095
1874 31
1875 2214
1876 441
1877 1578
1878 584
1879 1658
1880 1000
1881 547
1882 2089
1883 210
1884 1700
1885 2478
1886 880
1887 1214
1888 1389
1889 818
1890 842
1891 2431
1892 2155
1893 70
1894 245
1895 1399
1896 583
1897 1179
1898 2420
1899 1687
1900 1368
1901 461
1902 79
1903 2160
1904 493
1905 871
1906 563
1907 128
1908 1072
1909 1240
1910 641
1911 1775
1912 179
1913 2200
1914 322
1915 151
1916 1053
1917 274
1918 1148
1919 2194
1920 725
1921 446
1922 1376
1923 428
1924 14
1925 1099
1926 1510
1927 2188
1928 754
1929 1238
1930 1224
1931 1003
1932 2272
1933 1337
1934 186
1935 418
1936 1332
1937 920
1938 220
1939 1611
1940 1923
1941 1797
1942 757
1943 1725
1944 398
1945 770
1946 1714
1947 1084
1948 1155
1949 2175
1950 694
1951 643
1952 2261
1953 1444
1954 278
1955 1699
1956 38
1957 1202
1958 810
1959 410
1960 2348
1961 1110
1962 382
1963 180
1964 1170
1965 952
1966 1781
1967 2246
1968 2411
1969 1924
1970 2125
1971 92
1972 957
1973 1377
1974 319
1975 1070
1976 2298
1977 1034
1978 655
1979 1761
1980 750
1981 1698
1982 1555
1983 118
1984 1585
1985 1984
1986 1665
1987 1274
1988 1875
1989 275
1990 1150
1991 698
1992 2315
1993 1310
1994 1640
1995 1088
1996 903
1997 497
1998 1215
1999 862
2000 1861
2001 2323
2002 1682
2003 1113
2004 1966
2005 1794
2006 506
2007 2308
2008 934
2009 1998
2010 2290
2011 2143
2012 164
2013 1500
2014 1989
2015 909
2016 2121
2017 1128
2018 926
2019 229
2020 171
2021 1265
2022 2224
2023 374
2024 297
2025 2354
2026 1977
2027 2202
2028 196
2029 1817
2030 1580
2031 704
2032 2476
2033 562
2034 1554
2035 1235
2036 2477
2037 1131
2038 597
2039 675
2040 1013
2041 1988
2042 599
2043 1191
2044 890
2045 1938
2046 1787
2047 1301
2048 1690
2049 1237
2050 578
2051 1732
2052 172
2053 443
2054 89
2055 1146
2056 1627
2057 1960
2058 2056
2059 1659
2060 1249
2061 2117
2062 1205
2063 729
2064 303
2065 1385
2066 317
2067 2369
2068 84
2069 1430
2070 1822
2071 1702
2072 2219
2073 1574
2074 2057
2075 1788
2076 1939
2077 1208
2078 2083
2079 107
2080 591
2081 571
2082 1057
2083 2065
2084 97
2085 397
2086 388
2087 1950
2088 1831
2089 1468
2090 1877
2091 2026
2092 324
2093 653
2094 69
2095 466
2096 1286
2097 1912
2098 1753
2099 1005
2100 1792
2101 347
2102 30
2103 1469
2104 1719
2105 2280
2106 1294
2107 1565
2108 1382
2109 832
2110 1613
2111 1662
2112 2102
2113 184
2114 697
2115 340
2116 1558
2117 43
2118 91
2119 894
2120 99
2121 71
2122 1353
2123 238
2124 125
2125 78
2126 370
2127 797
2128 1648
2129 889
2130 2166
2131 231
2132 937
2133 90
2134 66
2135 402
2136 849
2137 177
2138 734
2139 2236
2140 1447
2141 267
2142 328
2143 853
2144 892
2145 1340
2146 850
2147 1384
2148 1198
2149 494
2150 2074
2151 331
2152 2176
2153 876
2154 921
2155 605
2156 2106
2157 55
2158 565
2159 2167
2160 117
2161 579
2162 1139
2163 323
2164 1537
2165 310
2166 737
2167 1299
2168 306
2169 1766
2170 150
2171 914
2172 848
2173 1945
2174 123
2175 1212
2176 320
2177 1441
2178 1667
2179 1054
2180 393
2181 2092
2182 2391
2183 2066
2184 1020
2185 887
2186 948
2187 23
2188 2096
2189 1917
2190 1820
2191 1616
2192 252
2193 431
2194 2025
2195 2473
2196 2111
2197 1925
2198 1696
2199 1828
2200 262
2201 381
2202 48
2203 1833
2204 1776
2205 1078
2206 1333
2207 580
2208 2216
2209 420
2210 564
2211 2168
2212 1693
2213 2427
2214 780
2215 454
2216 1994
2217 1166
2218 845
2219 1979
2220 883
2221 1806
2222 946
2223 335
2224 664
2225 349
2226 1738
2227 2443
2228 49
2229 2119
2230 358
2231 1200
2232 1194
2233 1850
2234 1341
2235 372
2236 411
2237 1905
2238 1178
2239 2036
2240 979
2241 662
2242 2144
2243 863
2244 867
2245 1108
2246 1041
2247 1093
2248 747
2249 453
2250 301
2251 995
2252 1589
2253 542
2254 847
2255 2357
2256 287
2257 763
2258 174
2259 938
2260 243
2261 790
2262 204
2263 1097
2264 199
2265 1507
2266 106
2267 1396
2268 2112
2269 1417
2270 744
2271 2199
2272 1773
2273 1745
2274 20
2275 2324
2276 1867
2277 182
2278 108
2279 1064
2280 1015
2281 361
2282 1581
2283 553
2284 1800
2285 313
2286 984
2287 1488
2288 590
2289 2370
2290 865
2291 2414
2292 2010
2293 912
2294 740
2295 165
2296 1408
2297 434
2298 2103
2299 351
2300 1342
2301 41
2302 135
2303 419
2304 522
2305 1192
2306 514
2307 1712
2308 2421
2309 1406
2310 1296
2311 746
2312 2317
2313 44
2314 302
2315 2041
2316 1480
2317 949
2318 907
2319 1685
2320 1474
2321 130
2322 1834
2323 656
2324 1449
2325 1361
2326 2030
2327 2288
2328 348
2329 1134
2330 2344
2331 1618
2332 576
2333 593
2334 1785
2335 1196
2336 1206
2337 2456
2338 1156
2339 1560
2340 45
2341 1663
2342 2331
2343 2157
2344 1024
2345 897
2346 247
2347 76
2348 498
2349 1032
2350 98
2351 607
2352 414
2353 383
2354 1486
2355 958
2356 1635
2357 646
2358 2309
2359 198
2360 1736
2361 1951
2362 1085
2363 1694
2364 745
2365 724
2366 154
2367 2399
2368 459
2369 1339
2370 2122
2371 1445
2372 102
2373 511
2374 1919
2375 1935
2376 2215
2377 1751
2378 1068
2379 1933
2380 1149
2381 2107
2382 1886
2383 638
2384 121
2385 1592
2386 1644
2387 1454
2388 2201
2389 1173
2390 859
2391 815
2392 1902
2393 53
2394 1940
2395 873
2396 636
2397 710
2398 251
2399 1968
2400 860
2401 447
2402 1451
2403 928
2404 727
2405 480
2406 1055
2407 776
2408 1001
2409 696
2410 2060
2411 2294
2412 2104
2413 1079
2414 3
2415 1211
2416 1176
2417 1594
2418 475
2419 1159
2420 2428
2421 2209
2422 2177
2423 2061
2424 1520
2425 1446
2426 2227
2427 501
2428 627
2429 2377
2430 1506
2431 2267
2432 855
2433 2480
2434 795
2435 705
2436 2146
2437 1815
2438 1452
2439 517
2440 2462
2441 2093
2442 2305
2443 134
2444 27
2445 338
2446 1
2447 2220
2448 162
2449 877
2450 1583
2451 1121
2452 1801
2453 922
2454 145
2455 1498
2456 2054
2457 1675
2458 82
2459 2149
2460 2319
2461 250
2462 1327
2463 1526
2464 2486
2465 2378
2466 1521
2467 525
2468 1941
2469 1536
2470 954
2471 1664
2472 1014
2473 1982
2474 86
2475 2387
2476 1959
2477 64
2478 1891
2479 827
2480 2022
2481 1038
2482 1772
2483 83
2484 2262
2485 2017
2486 1409
2487 869
2488 2241
2489 1231
2490 1115
2491 495
2492 1642
2493 1501
2494 1876
2495 1037
2496 2169
2497 94
2498 1122
2499 987
2500 2994