1 4983
2 2148
3 1814
4 1213
5 1019
6 757
7 1226
8 613
9 4480
10 2539
11 2492
12 4461
13 1496
14 383
15 3626
16 182
17 3093
18 4878
19 1201
20 2762
21 404
22 3525
23 2214
24 4358
25 1046
26 4744
27 2774
28 2206
29 376
30 735
31 3532
32 350
33 4117
34 3233
35 4341
36 3268
37 85
38 411
39 1402
40 4701
41 3155
42 1791
43 1327
44 949
45 1504
46 2573
47 2123
48 4933
49 2852
50 1882
51 344
52 727
53 4703
54 2682
55 1433
56 817
57 188
58 4689
59 720
60 295
61 1347
62 3790
63 1802
64 135
65 4821
66 4768
67 4377
68 1595
69 3080
70 3021
71 4289
72 4956
73 4871
74 1408
75 2583
76 3435
77 2257
78 2032
79 1699
80 4400
81 865
82 116
83 4589
84 1101
85 4590
86 1356
87 2245
88 3205
89 3758
90 4029
91 3604
92 3694
93 1807
94 3479
95 2387
96 2455
97 4691
98 2825
99 4474
100 764
101 4323
102 2930
103 238
104 4556
105 4884
106 2373
107 4687
108 2420
109 1954
110 1151
111 180
112 2672
113 1526
114 1026
115 1874
116 3584
117 2990
118 1876
119 676
120 2738
121 3424
122 1720
123 3515
124 1955
125 3581
126 2312
127 966
128 2177
129 4893
130 1384
131 2066
132 4560
133 3826
134 1427
135 3351
136 329
137 373
138 1605
139 925
140 879
141 3871
142 4196
143 1735
144 184
145 1410
146 2161
147 2023
148 3243
149 3451
150 3183
151 2267
152 2079
153 2226
154 2680
155 840
156 2454
157 4863
158 582
159 3557
160 1442
161 507
162 231
163 3065
164 3182
165 1966
166 3420
167 3309
168 2634
169 260
170 232
171 2991
172 3159
173 3145
174 197
175 3012
176 3083
177 2932
178 1185
179 2735
180 3294
181 1377
182 1795
183 2793
184 4814
185 2767
186 3703
187 4343
188 4449
189 1748
190 1745
191 3807
192 3729
193 2357
194 4024
195 2010
196 854
197 737
198 3185
199 1778
200 159
201 4984
202 1950
203 3100
204 204
205 4707
206 1013
207 2252
208 2209
209 368
210 834
211 4049
212 810
213 2207
214 3836
215 2752
216 2855
217 2717
218 1068
219 3476
220 1250
221 4882
222 2832
223 2311
224 2938
225 951
226 1162
227 3131
228 2408
229 2315
230 132
231 3301
232 4374
233 2890
234 348
235 3875
236 3929
237 2677
238 3444
239 3601
240 705
241 2363
242 401
243 4692
244 550
245 2871
246 787
247 2718
248 2511
249 4723
250 244
251 3605
252 3628
253 2872
254 2041
255 4602
256 275
257 3637
258 479
259 2350
260 4373
261 4901
262 1404
263 2399
264 997
265 3156
266 3650
267 2133
268 3186
269 1449
270 1991
271 4852
272 4843
273 3128
274 527
275 1648
276 1655
277 3827
278 465
279 3135
280 1448
281 3860
282 2657
283 4609
284 3292
285 2576
286 1585
287 7
288 3537
289 4209
290 929
291 4573
292 2695
293 4073
294 637
295 4580
296 547
297 3529
298 1007
299 3778
300 4132
301 1205
302 4082
303 1200
304 39
305 905
306 2964
307 2236
308 362
309 3813
310 901
311 1274
312 4748
313 4363
314 3023
315 4025
316 17
317 1198
318 4350
319 3285
320 1896
321 1263
322 2531
323 2362
324 4842
325 67
326 3624
327 4107
328 1294
329 4408
330 1000
331 4661
332 347
333 397
334 2058
335 4680
336 1786
337 351
338 3673
339 4674
340 3063
341 3725
342 4860
343 3114
344 2712
345 4258
346 3933
347 903
348 4403
349 3343
350 321
351 145
352 3462
353 2299
354 1110
355 2300
356 4126
357 1792
358 1170
359 4764
360 4486
361 2126
362 982
363 3896
364 3320
365 2958
366 3452
367 661
368 989
369 2045
370 2495
371 2410
372 4740
373 2411
374 4760
375 4840
376 3811
377 3653
378 2166
379 3839
380 1684
381 4508
382 1673
383 4060
384 1207
385 4947
386 2834
387 1230
388 3591
389 4665
390 3334
391 2765
392 4090
393 488
394 4628
395 1840
396 2316
397 4184
398 3389
399 1868
400 2994
401 1558
402 4652
403 2862
404 639
405 3384
406 1649
407 1750
408 2941
409 143
410 4494
411 2652
412 4238
413 3324
414 3166
415 1665
416 2505
417 1901
418 619
419 1583
420 4094
421 4354
422 4230
423 1987
424 19
425 13
426 615
427 2414
428 1520
429 2828
430 3739
431 2057
432 3148
433 4779
434 1911
435 4344
436 3568
437 2101
438 245
439 1812
440 1113
441 4986
442 983
443 1760
444 3868
445 1805
446 972
447 1931
448 249
449 796
450 3886
451 1652
452 875
453 714
454 4034
455 264
456 2347
457 1788
458 4978
459 162
460 3314
461 2519
462 4487
463 226
464 1979
465 703
466 1690
467 3269
468 496
469 3109
470 1123
471 3505
472 3759
473 2631
474 2534
475 421
476 3147
477 4592
478 1640
479 2128
480 483
481 2441
482 2662
483 467
484 2331
485 1238
486 1107
487 3473
488 3593
489 4079
490 427
491 1341
492 3447
493 2619
494 4418
495 4241
496 3941
497 49
498 1580
499 304
500 2994
501 1988
502 4220
503 1407
504 4664
505 3517
506 2261
507 3770
508 140
509 1103
510 3455
511 3784
512 4211
513 3610
514 2077
515 3657
516 789
517 2228
518 1180
519 4253
520 4612
521 387
522 4217
523 2359
524 1303
525 571
526 2663
527 424
528 3843
529 3934
530 871
531 4226
532 3059
533 4757
534 4372
535 2574
536 1195
537 3143
538 1675
539 891
540 2974
541 591
542 2653
543 382
544 4205
545 621
546 4116
547 339
548 1626
549 807
550 3069
551 2048
552 1215
553 1972
554 4135
555 549
556 1848
557 1710
558 532
559 3785
560 2796
561 1335
562 4492
563 1083
564 2250
565 2073
566 2716
567 3039
568 506
569 371
570 3019
571 1696
572 525
573 3988
574 1847
575 2405
576 785
577 2894
578 3089
579 1085
580 3521
581 2456
582 4993
583 1957
584 4973
585 3075
586 4387
587 1819
588 3332
589 3054
590 2508
591 2059
592 3954
593 781
594 2465
595 2417
596 2971
597 4668
598 78
599 4939
600 3727
601 2917
602 3307
603 3327
604 76
605 4213
606 2329
607 469
608 4735
609 736
610 1102
611 86
612 4360
613 3831
614 1691
615 1453
616 4788
617 1236
618 1186
619 2137
620 4214
621 4988
622 3898
623 1156
624 2626
625 3140
626 111
627 15
628 2776
629 2171
630 4177
631 3658
632 4182
633 544
634 2727
635 4833
636 3098
637 1951
638 2820
639 4932
640 2734
641 1223
642 3141
643 3533
644 3603
645 4246
646 4916
647 1611
648 199
649 3029
650 3523
651 2004
652 768
653 240
654 542
655 1913
656 828
657 4656
658 2428
659 2154
660 391
661 3103
662 1437
663 3022
664 1362
665 4054
666 4690
667 1457
668 445
669 3972
670 3157
671 1686
672 2592
673 2183
674 589
675 2706
676 3907
677 2116
678 4557
679 3494
680 1566
681 2391
682 1756
683 3438
684 3743
685 1949
686 4958
687 3187
688 2022
689 168
690 3740
691 434
692 2754
693 3417
694 1479
695 2451
696 869
697 1154
698 154
699 4629
700 2559
701 4254
702 268
703 3432
704 1683
705 3771
706 2891
707 686
708 1028
709 2877
710 2279
711 3175
712 3686
713 55
714 2835
715 3876
716 3290
717 2721
718 4832
719 4709
720 1899
721 3300
722 4669
723 4401
724 43
725 3043
726 115
727 2254
728 1228
729 2874
730 3068
731 4361
732 4301
733 4865
734 3390
735 680
736 687
737 1056
738 3974
739 3936
740 3136
741 4381
742 1351
743 481
744 3368
745 2194
746 4468
747 2896
748 2613
749 1199
750 1826
751 3687
752 4098
753 4851
754 3915
755 2800
756 2976
757 1694
758 426
759 3345
760 4398
761 3003
762 319
763 1217
764 2986
765 1446
766 4302
767 1674
768 1371
769 3090
770 910
771 2593
772 4846
773 3263
774 2218
775 2172
776 1820
777 1375
778 3346
779 4244
780 2728
781 3700
782 3615
783 1793
784 3278
785 416
786 131
787 3600
788 3287
789 4889
790 4463
791 1293
792 3399
793 2553
794 790
795 1934
796 1104
797 2649
798 3179
799 3433
800 956
801 2215
802 604
803 2749
804 1358
805 3766
806 3945
807 1593
808 4896
809 1088
810 924
811 2994
812 1597
813 3430
814 2244
815 1273
816 2095
817 58
818 1131
819 323
820 3558
821 3541
822 144
823 4619
824 4596
825 4407
826 4636
827 2119
828 4419
829 1211
830 2000
831 950
832 36
833 609
834 4587
835 1045
836 4861
837 1396
838 955
839 4383
840 1956
841 1719
842 643
843 3034
844 324
845 1153
846 498
847 1775
848 594
849 261
850 3104
851 1908
852 364
853 4202
854 1698
855 4405
856 3376
857 2591
858 2227
859 4169
860 3506
861 4470
862 1222
863 4074
864 2939
865 2590
866 4003
867 3726
868 769
869 4809
870 1902
871 1627
872 1552
873 2005
874 3680
875 795
876 688
877 2604
878 3959
879 2812
880 3830
881 2771
882 3524
883 1260
884 345
885 959
886 1869
887 3291
888 2876
889 3706
890 2406
891 668
892 677
893 4520
894 2418
895 3283
896 771
897 2724
898 3149
899 1241
900 4053
901 898
902 4490
903 4819
904 2459
905 314
906 4646
907 2309
908 3024
909 87
910 150
911 1315
912 942
913 1087
914 2554
915 4566
916 4333
917 1289
918 2356
919 3890
920 577
921 1630
922 2385
923 2273
924 10
925 4574
926 1488
927 4626
928 4544
929 2993
930 745
931 2567
932 701
933 4511
934 4712
935 2285
936 4535
937 2219
938 1020
939 3548
940 694
941 4753
942 3824
943 1588
944 3002
945 400
946 4331
947 1849
948 395
949 1386
950 2080
951 2934
952 2421
953 393
954 4420
955 3780
956 3681
957 3904
958 2085
959 4903
960 915
961 2485
962 3606
963 1429
964 4020
965 3126
966 3403
967 3596
968 3737
969 1008
970 2453
971 4357
972 2673
973 451
974 939
975 1208
976 4409
977 1636
978 2317
979 509
980 1925
981 1507
982 2319
983 3702
984 2358
985 3538
986 1300
987 4239
988 1137
989 893
990 3671
991 3329
992 4422
993 654
994 408
995 3684
996 2972
997 104
998 4334
999 2781
1000 4328
1001 2705
1002 16
1003 548
1004 3279
1005 2808
1006 4527
1007 1079
1008 3570
1009 4362
1010 1144
1011 2850
1012 713
1013 3732
1014 1253
1015 2788
1016 4895
1017 246
1018 2443
1019 569
1020 1363
1021 3062
1022 147
1023 860
1024 2979
1025 2478
1026 359
1027 846
1028 1656
1029 960
1030 2205
1031 3787
1032 4546
1033 1662
1034 583
1035 4129
1036 3241
1037 1823
1038 2296
1039 34
1040 3170
1041 1700
1042 3865
1043 3200
1044 1692
1045 2007
1046 1596
1047 134
1048 3427
1049 4955
1050 1886
1051 2251
1052 1903
1053 4272
1054 1539
1055 1663
1056 4161
1057 1005
1058 669
1059 1878
1060 3053
1061 1989
1062 53
1063 2549
1064 114
1065 557
1066 987
1067 3422
1068 4172
1069 2739
1070 2632
1071 943
1072 3394
1073 1776
1074 3362
1075 1529
1076 2713
1077 1472
1078 3912
1079 1406
1080 2130
1081 954
1082 581
1083 1554
1084 1301
1085 1967
1086 602
1087 2516
1088 442
1089 4416
1090 3709
1091 1074
1092 2439
1093 1997
1094 3321
1095 1616
1096 4745
1097 867
1098 4624
1099 499
1100 603
1101 2235
1102 4026
1103 3487
1104 4103
1105 1108
1106 4726
1107 1645
1108 1070
1109 1360
1110 885
1111 552
1112 2255
1113 1117
1114 3051
1115 4064
1116 4197
1117 3226
1118 3554
1119 4437
1120 25
1121 4949
1122 161
1123 3555
1124 4943
1125 1796
1126 2928
1127 2084
1128 4507
1129 1041
1130 4327
1131 4166
1132 2654
1133 4780
1134 2332
1135 3442
1136 2668
1137 2201
1138 3816
1139 4554
1140 4806
1141 305
1142 5
1143 3395
1144 3598
1145 818
1146 4512
1147 4581
1148 4435
1149 2588
1150 4976
1151 708
1152 3905
1153 2621
1154 3714
1155 2532
1156 3666
1157 2846
1158 819
1159 3788
1160 1148
1161 2782
1162 3916
1163 2330
1164 2318
1165 2784
1166 2635
1167 1545
1168 926
1169 2650
1170 4235
1171 3955
1172 3443
1173 4613
1174 2916
1175 2617
1176 750
1177 1551
1178 4533
1179 2289
1180 2921
1181 1036
1182 2431
1183 3007
1184 2595
1185 3485
1186 4953
1187 3247
1188 1858
1189 1508
1190 1317
1191 531
1192 510
1193 2015
1194 1227
1195 1853
1196 2197
1197 1501
1198 2092
1199 973
1200 3654
1201 1214
1202 2837
1203 3995
1204 3698
1205 3611
1206 2425
1207 2034
1208 1157
1209 3304
1210 2572
1211 2286
1212 2042
1213 2345
1214 4782
1215 4969
1216 3188
1217 1906
1218 1998
1219 2779
1220 2074
1221 1283
1222 4424
1223 4605
1224 4545
1225 4912
1226 4513
1227 4722
1228 1926
1229 2892
1230 3152
1231 3436
1232 338
1233 2879
1234 243
1235 200
1236 2210
1237 4391
1238 1637
1239 784
1240 4268
1241 1541
1242 2933
1243 2117
1244 3986
1245 2070
1246 4849
1247 485
1248 1138
1249 3165
1250 1290
1251 1891
1252 4741
1253 3081
1254 2622
1255 3191
1256 2899
1257 1574
1258 4399
1259 4426
1260 4531
1261 4737
1262 2039
1263 774
1264 41
1265 2518
1266 586
1267 3281
1268 2112
1269 3262
1270 579
1271 4946
1272 3858
1273 4311
1274 3696
1275 517
1276 1873
1277 186
1278 4803
1279 1233
1280 3503
1281 803
1282 1943
1283 23
1284 4877
1285 2230
1286 3814
1287 3144
1288 3688
1289 3084
1290 4248
1291 3530
1292 432
1293 2829
1294 3786
1295 3679
1296 4183
1297 1372
1298 1892
1299 2220
1300 93
1301 996
1302 2011
1303 971
1304 679
1305 681
1306 2046
1307 4085
1308 4319
1309 3866
1310 1592
1311 3979
1312 1769
1313 3088
1314 1761
1315 4099
1316 3464
1317 3070
1318 363
1319 4156
1320 4643
1321 3777
1322 4532
1323 1731
1324 3264
1325 4496
1326 2097
1327 208
1328 3162
1329 379
1330 2321
1331 1524
1332 4101
1333 1463
1334 1460
1335 4870
1336 2474
1337 4775
1338 1942
1339 4458
1340 3253
1341 1164
1342 217
1343 310
1344 4890
1345 1184
1346 3901
1347 1265
1348 1370
1349 4907
1350 3531
1351 4027
1352 1368
1353 3571
1354 3957
1355 2904
1356 2152
1357 1261
1358 4888
1359 3947
1360 1203
1361 1918
1362 285
1363 24
1364 1643
1365 369
1366 1755
1367 3000
1368 3056
1369 4620
1370 4145
1371 3559
1372 4359
1373 1740
1374 4811
1375 3482
1376 3892
1377 4540
1378 1218
1379 2190
1380 2893
1381 1657
1382 2047
1383 4346
1384 521
1385 3049
1386 4015
1387 4523
1388 2256
1389 1715
1390 3822
1391 399
1392 1879
1393 2777
1394 1094
1395 3925
1396 2323
1397 3707
1398 4271
1399 3795
1400 2139
1401 1581
1402 2065
1403 2900
1404 3893
1405 206
1406 697
1407 2460
1408 4766
1409 2698
1410 2114
1411 728
1412 4477
1413 4855
1414 2809
1415 3256
1416 302
1417 4822
1418 3164
1419 123
1420 2786
1421 1883
1422 61
1423 3483
1424 2693
1425 3178
1426 2861
1427 1352
1428 402
1429 1990
1430 2231
1431 3672
1432 3975
1433 3315
1434 4280
1435 3854
1436 4606
1437 2696
1438 299
1439 2968
1440 3377
1441 3665
1442 1540
1443 1066
1444 27
1445 2813
1446 730
1447 811
1448 3392
1449 3560
1450 2367
1451 2623
1452 4892
1453 1555
1454 4719
1455 1770
1456 317
1457 2158
1458 1259
1459 605
1460 1329
1461 1428
1462 3618
1463 3561
1464 3465
1465 2994
1466 1018
1467 8
1468 3231
1469 3855
1470 384
1471 964
1472 4834
1473 4413
1474 316
1475 2586
1476 30
1477 3805
1478 2430
1479 1912
1480 3599
1481 2371
1482 3808
1483 1771
1484 4389
1485 80
1486 3284
1487 3753
1488 425
1489 3527
1490 3856
1491 2202
1492 259
1493 3849
1494 2224
1495 3817
1496 2541
1497 3123
1498 1393
1499 4776
1500 3992
1501 2509
1502 47
1503 2012
1504 474
1505 1681
1506 630
1507 2609
1508 4198
1509 2741
1510 831
1511 3275
1512 4845
1513 3685
1514 4608
1515 3260
1516 4610
1517 756
1518 4810
1519 4151
1520 3510
1521 2270
1522 4167
1523 2088
1524 3644
1525 3238
1526 2090
1527 4273
1528 941
1529 2758
1530 4164
1531 4826
1532 1075
1533 3224
1534 98
1535 4522
1536 4236
1537 3711
1538 4417
1539 2730
1540 2978
1541 674
1542 1556
1543 1049
1544 2674
1545 1628
1546 862
1547 4651
1548 4006
1549 73
1550 163
1551 952
1552 624
1553 3522
1554 2942
1555 2052
1556 4180
1557 974
1558 396
1559 198
1560 2980
1561 1523
1562 4078
1563 826
1564 4095
1565 2944
1566 1553
1567 2407
1568 4305
1569 1475
1570 3130
1571 2488
1572 2895
1573 1861
1574 4977
1575 2344
1576 70
1577 4262
1578 2247
1579 2514
1580 2936
1581 2907
1582 2715
1583 3998
1584 4255
1585 4249
1586 4364
1587 1875
1588 4339
1589 2426
1590 1623
1591 2173
1592 3662
1593 4954
1594 1385
1595 1330
1596 2055
1597 847
1598 91
1599 3258
1600 4801
1601 2999
1602 3439
1603 700
1604 2857
1605 3540
1606 614
1607 3910
1608 3472
1609 2324
1610 3171
1611 4658
1612 2496
1613 3199
1614 332
1615 2863
1616 3038
1617 4199
1618 4586
1619 3305
1620 4564
1621 2393
1622 2490
1623 2181
1624 888
1625 1461
1626 2204
1627 4941
1628 1339
1629 2909
1630 2995
1631 1983
1632 4670
1633 3553
1634 1514
1635 1454
1636 3630
1637 3520
1638 519
1639 2326
1640 251
1641 4500
1642 2031
1643 2185
1644 2801
1645 2638
1646 403
1647 1764
1648 1743
1649 2178
1650 4792
1651 584
1652 3952
1653 2914
1654 4693
1655 3999
1656 2507
1657 1620
1658 4625
1659 4315
1660 541
1661 3425
1662 4593
1663 2641
1664 414
1665 1039
1666 3919
1667 2687
1668 71
1669 187
1670 4242
1671 3989
1672 1682
1673 1897
1674 2643
1675 2099
1676 990
1677 3668
1678 3715
1679 4105
1680 2897
1681 174
1682 3837
1683 3969
1684 3963
1685 3401
1686 2667
1687 3872
1688 3846
1689 4727
1690 3016
1691 4660
1692 673
1693 2769
1694 1119
1695 3229
1696 2462
1697 1767
1698 1702
1699 2742
1700 1030
1701 1219
1702 1980
1703 1451
1704 765
1705 1038
1706 3408
1707 1048
1708 448
1709 3115
1710 1607
1711 3647
1712 3306
1713 3546
1714 1251
1715 2780
1716 1387
1717 4303
1718 3445
1719 2577
1720 4263
1721 709
1722 2446
1723 3906
1724 2587
1725 4837
1726 1044
1727 2149
1728 470
1729 4682
1730 1757
1731 4479
1732 3406
1733 1132
1734 2563
1735 84
1736 4121
1737 2884
1738 4767
1739 3804
1740 3020
1741 2599
1742 26
1743 4433
1744 447
1745 3369
1746 1382
1747 3708
1748 89
1749 3651
1750 558
1751 3112
1752 3950
1753 2021
1754 2413
1755 2700
1756 4313
1757 4951
1758 170
1759 2377
1760 3659
1761 3859
1762 4245
1763 446
1764 2364
1765 4831
1766 1751
1767 3209
1768 1921
1769 3167
1770 2791
1771 533
1772 797
1773 1910
1774 3486
1775 2679
1776 1027
1777 3196
1778 2082
1779 1679
1780 3806
1781 3867
1782 1749
1783 2943
1784 1536
1785 4681
1786 222
1787 2611
1788 439
1789 1716
1790 4240
1791 1400
1792 778
1793 3027
1794 4971
1795 4632
1796 315
1797 2628
1798 148
1799 2755
1800 2629
1801 953
1802 4966
1803 2096
1804 837
1805 1147
1806 3042
1807 4044
1808 1270
1809 4231
1810 4797
1811 2952
1812 3197
1813 3747
1814 4929
1815 1067
1816 493
1817 2961
1818 1825
1819 567
1820 3017
1821 2926
1822 1981
1823 2880
1824 2830
1825 4627
1826 2176
1827 780
1828 464
1829 1909
1830 999
1831 3322
1832 2349
1833 423
1834 3750
1835 890
1836 2044
1837 1483
1838 454
1839 4902
1840 2234
1841 2396
1842 3266
1843 1206
1844 813
1845 1944
1846 92
1847 2378
1848 4994
1849 2024
1850 2683
1851 3796
1852 842
1853 463
1854 95
1855 3177
1856 4963
1857 1224
1858 157
1859 3899
1860 430
1861 2091
1862 3014
1863 1810
1864 167
1865 2132
1866 935
1867 2902
1868 1562
1869 2140
1870 2692
1871 2910
1872 4473
1873 4376
1874 1706
1875 2283
1876 2142
1877 559
1878 4514
1879 1975
1880 2035
1881 1723
1882 4460
1883 1166
1884 882
1885 2365
1886 3575
1887 2957
1888 3745
1889 274
1890 4585
1891 2751
1892 665
1893 2475
1894 4329
1895 4207
1896 981
1897 2135
1898 3491
1899 1602
1900 2818
1901 4752
1902 4287
1903 743
1904 4677
1905 4224
1906 3366
1907 4883
1908 2983
1909 2954
1910 1728
1911 4518
1912 4466
1913 1935
1914 503
1915 2542
1916 38
1917 3078
1918 335
1919 54
1920 3295
1921 1510
1922 4633
1923 3459
1924 81
1925 4250
1926 3121
1927 3595
1928 1976
1929 3150
1930 3782
1931 1069
1932 75
1933 4264
1934 3882
1935 1789
1936 3381
1937 4274
1938 355
1939 4944
1940 254
1941 213
1942 1641
1943 607
1944 3909
1945 1604
1946 4345
1947 4655
1948 4630
1949 2016
1950 1152
1951 2889
1952 2380
1953 1512
1954 786
1955 325
1956 193
1957 4783
1958 1617
1959 1659
1960 3748
1961 2280
1962 2948
1963 1486
1964 3001
1965 2502
1966 945
1967 2836
1968 978
1969 1176
1970 1923
1971 4115
1972 3180
1973 1564
1974 514
1975 4028
1976 710
1977 160
1978 3810
1979 3879
1980 4111
1981 4710
1982 4898
1983 513
1984 3219
1985 2707
1986 2147
1987 2168
1988 1638
1989 928
1990 3174
1991 290
1992 995
1993 3738
1994 4453
1995 2966
1996 2450
1997 1127
1998 2422
1999 1589
2000 2043
2001 4450
2002 719
2003 4790
2004 230
2005 4055
2006 4110
2007 4604
2008 1624
2009 3341
2010 4975
2011 210
2012 4208
2013 4987
2014 1567
2015 3536
2016 3214
2017 1930
2018 3239
2019 2081
2020 2729
2021 912
2022 2733
2023 1841
2024 2232
2025 2186
2026 4133
2027 2237
2028 2268
2029 808
2030 2841
2031 969
2032 2987
2033 763
2034 1928
2035 3620
2036 3853
2037 1308
2038 1025
2039 4288
2040 1167
2041 4018
2042 375
2043 3248
2044 272
2045 1790
2046 1542
2047 725
2048 4425
2049 1958
2050 480
2051 4297
2052 235
2053 1188
2054 881
2055 4968
2056 2858
2057 3198
2058 1571
2059 4600
2060 4335
2061 1001
2062 4122
2063 1687
2064 2607
2065 1671
2066 3492
2067 4678
2068 718
2069 1818
2070 4451
2071 4881
2072 4404
2073 4591
2074 2743
2075 2702
2076 4321
2077 2222
2078 783
2079 3983
2080 2467
2081 2001
2082 1547
2083 975
2084 2211
2085 1037
2086 3437
2087 1280
2088 4440
2089 4749
2090 4850
2091 1695
2092 1319
2093 2195
2094 4066
2095 179
2096 4275
2097 2969
2098 3094
2099 4429
2100 1295
2101 2249
2102 984
2103 3841
2104 4294
2105 2287
2106 4919
2107 4436
2108 3498
2109 1009
2110 2722
2111 1047
2112 3544
2113 4459
2114 3257
2115 3720
2116 3215
2117 1129
2118 1509
2119 2883
2120 4142
2121 2366
2122 748
2123 3370
2124 666
2125 2153
2126 1269
2127 4543
2128 883
2129 4317
2130 4157
2131 775
2132 110
2133 2471
2134 1484
2135 3028
2136 3922
2137 2260
2138 2870
2139 102
2140 2783
2141 2827
2142 1497
2143 585
2144 3550
2145 4617
2146 3987
2147 2866
2148 2523
2149 967
2150 2746
2151 2736
2152 535
2153 2292
2154 4276
2155 4251
2156 1568
2157 455
2158 4502
2159 2661
2160 4891
2161 3923
2162 1168
2163 3588
2164 1618
2165 841
2166 4267
2167 4475
2168 3418
2169 4084
2170 1432
2171 2578
2172 1412
2173 2258
2174 3340
2175 4759
2176 4866
2177 698
2178 4704
2179 4841
2180 1658
2181 3645
2182 4853
2183 278
2184 4067
2185 824
2186 4378
2187 3518
2188 74
2189 1029
2190 1619
2191 352
2192 331
2193 1418
2194 4807
2195 3946
2196 2307
2197 326
2198 2275
2199 4805
2200 4945
2201 4747
2202 1334
2203 4204
2204 486
2205 934
2206 1142
2207 4697
2208 2644
2209 1576
2210 4324
2211 856
2212 1513
2213 2429
2214 3583
2215 2596
2216 2568
2217 1962
2218 825
2219 3046
2220 4225
2221 2489
2222 4887
2223 872
2224 3236
2225 79
2226 526
2227 2304
2228 3914
2229 3539
2230 635
2231 1422
2232 64
2233 3534
2234 3718
2235 128
2236 3996
2237 2029
2238 1712
2239 1527
2240 3635
2241 4138
2242 3244
2243 578
2244 4215
2245 438
2246 1003
2247 4439
2248 4464
2249 3434
2250 4040
2251 2994
2252 4410
2253 3276
2254 2036
2255 1357
2256 2071
2257 859
2258 3661
2259 4869
2260 4679
2261 1258
2262 801
2263 1827
2264 1061
2265 3246
2266 4638
2267 2028
2268 3045
2269 4438
2270 2200
2271 3602
2272 4368
2273 4854
2274 2106
2275 2618
2276 1394
2277 2354
2278 3124
2279 2639
2280 1525
2281 346
2282 343
2283 545
2284 1654
2285 318
2286 638
2287 3937
2288 1189
2289 2269
2290 284
2291 3508
2292 1531
2293 4827
2294 1758
2295 4005
2296 2427
2297 4348
2298 1964
2299 2540
2300 4144
2301 1487
2302 2935
2303 3894
2304 1631
2305 3280
2306 4247
2307 149
2308 2833
2309 2959
2310 3765
2311 1240
2312 3511
2313 4051
2314 489
2315 3519
2316 216
2317 4934
2318 3428
2319 419
2320 1181
2321 3328
2322 82
2323 3250
2324 4481
2325 3374
2326 998
2327 1
2328 2759
2329 4338
2330 3303
2331 913
2332 2208
2333 173
2334 4812
2335 4168
2336 3010
2337 247
2338 2320
2339 450
2340 1834
2341 2040
2342 1557
2343 2594
2344 4325
2345 3597
2346 2881
2347 1086
2348 3931
2349 873
2350 721
2351 2284
2352 2757
2353 281
2354 1031
2355 564
2356 4738
2357 4445
2358 1538
2359 2802
2360 766
2361 4828
2362 2436
2363 1235
2364 962
2365 484
2366 1871
2367 2056
2368 2025
2369 505
2370 3850
2371 3594
2372 986
2373 3378
2374 3638
2375 914
2376 3326
2377 252
2378 648
2379 2885
2380 2600
2381 65
2382 436
2383 3347
2384 2238
2385 2468
2386 3441
2387 922
2388 2338
2389 3516
2390 311
2391 3502
2392 1732
2393 726
2394 878
2395 4577
2396 2882
2397 904
2398 1478
2399 2179
2400 1089
2401 429
2402 752
2403 4469
2404 196
2405 3409
2406 374
2407 2473
2408 4316
2409 835
2410 3980
2411 1284
2412 2013
2413 4281
2414 2124
2415 522
2416 4937
2417 3930
2418 1255
2419 2018
2420 4879
2421 2569
2422 1677
2423 2526
2424 2764
2425 2233
2426 2975
2427 1111
2428 4880
2429 4290
2430 1090
2431 851
2432 672
2433 4715
2434 4603
2435 4394
2436 3648
2437 4014
2438 4839
2439 2458
2440 598
2441 2217
2442 992
2443 832
2444 2103
2445 515
2446 2645
2447 443
2448 1959
2449 1105
2450 4635
2451 2931
2452 4194
2453 2557
2454 2182
2455 623
2456 3549
2457 1395
2458 4283
2459 185
2460 4618
2461 1306
2462 4002
2463 4772
2464 476
2465 2669
2466 2075
2467 2305
2468 3267
2469 1844
2470 398
2471 889
2472 3953
2473 2314
2474 4823
2475 3218
2476 2849
2477 4637
2478 937
2479 4506
2480 3160
2481 1456
2482 2433
2483 4639
2484 3791
2485 3769
2486 1866
2487 4314
2488 1354
2489 4467
2490 2325
2491 3125
2492 1832
2493 4615
2494 1373
2495 3099
2496 3751
2497 3371
2498 420
2499 3547
2500 4277
2501 3800
2502 616
2503 1390
2504 1466
2505 4559
2506 2640
2507 490
2508 151
2509 3496
2510 4326
2511 1850
2512 3721
2513 263
2514 4068
2515 3921
2516 3873
2517 2290
2518 45
2519 3674
2520 2527
2521 2714
2522 3794
2523 1973
2524 4848
2525 1175
2526 1646
2527 4411
2528 504
2529 1286
2530 3733
2531 1054
2532 2341
2533 3697
2534 2403
2535 839
2536 543
2537 927
2538 2789
2539 3344
2540 2598
2541 4390
2542 3458
2543 821
2544 320
2545 628
2546 1106
2547 227
2548 4072
2549 4562
2550 3480
2551 1821
2552 386
2553 1863
2554 473
2555 3323
2556 59
2557 3192
2558 907
2559 4979
2560 696
2561 3913
2562 3760
2563 512
2564 3382
2565 702
2566 3590
2567 909
2568 897
2569 1806
2570 4427
2571 600
2572 894
2573 224
2574 815
2575 1171
2576 1865
2577 4662
2578 3172
2579 877
2580 3985
2581 1653
2582 4284
2583 4538
2584 4516
2585 880
2586 4995
2587 2155
2588 1182
2589 3677
2590 1364
2591 3902
2592 3489
2593 1977
2594 4200
2595 2601
2596 4734
2597 1678
2598 3885
2599 2763
2600 4062
2601 1455
2602 761
2603 2797
2604 3095
2605 4497
2606 2392
2607 520
2608 1986
2609 4578
2610 556
2611 658
2612 2146
2613 406
2614 659
2615 248
2616 4395
2617 1473
2618 3585
2619 1635
2620 1707
2621 2529
2622 1256
2623 597
2624 4582
2625 4033
2626 1381
2627 2372
2628 1096
2629 1178
2630 809
2631 462
2632 3265
2633 4086
2634 118
2635 2382
2636 3908
2637 3982
2638 3336
2639 2020
2640 2060
2641 2253
2642 2636
2643 4131
2644 930
2645 1016
2646 2294
2647 1133
2648 1815
2649 667
2650 1246
2651 4019
2652 1350
2653 2198
2654 2710
2655 961
2656 4798
2657 2512
2658 1458
2659 3414
2660 4388
2661 1779
2662 662
2663 2164
2664 2174
2665 175
2666 358
2667 3997
2668 279
2669 2756
2670 3507
2671 779
2672 896
2673 3667
2674 1071
2675 3234
2676 618
2677 1887
2678 1904
2679 2744
2680 2984
2681 178
2682 1032
2683 1231
2684 4774
2685 2547
2686 1517
2687 2579
2688 1336
2689 963
2690 3888
2691 2790
2692 3313
2693 2947
2694 353
2695 3619
2696 138
2697 126
2698 1808
2699 596
2700 4127
2701 1140
2702 3331
2703 2807
2704 4872
2705 4309
2706 1033
2707 3456
2708 1829
2709 1907
2710 2565
2711 1961
2712 1169
2713 2434
2714 1929
2715 636
2716 3254
2717 241
2718 3271
2719 4536
2720 2109
2721 4698
2722 1417
2723 2281
2724 3964
2725 4136
2726 2994
2727 3562
2728 2905
2729 4730
2730 1452
2731 1584
2732 3032
2733 4599
2734 3251
2735 3132
2736 2520
2737 1077
2738 3097
2739 1344
2740 2278
2741 1409
2742 3158
2743 858
2744 4550
2745 2726
2746 191
2747 380
2748 3169
2749 1939
2750 1724
2751 2864
2752 1974
2753 3490
2754 2104
2755 4525
2756 1097
2757 529
2758 1590
2759 2585
2760 3763
2761 2886
2762 2463
2763 1239
2764 2524
2765 792
2766 2452
2767 3542
2768 4541
2769 3277
2770 77
2771 1193
2772 4552
2773 2334
2774 2624
2775 457
2776 2274
2777 4717
2778 146
2779 1324
2780 4728
2781 1982
2782 3431
2783 2072
2784 742
2785 3484
2786 4965
2787 3608
2788 4631
2789 3678
2790 2608
2791 902
2792 2054
2793 1307
2794 1459
2795 3586
2796 1667
2797 2110
2798 51
2799 2086
2800 1960
2801 3255
2802 861
2803 2901
2804 689
2805 3926
2806 1601
2807 2940
2808 2994
2809 1621
2810 2212
2811 211
2812 3073
2813 4152
2814 2996
2815 1320
2816 3690
2817 565
2818 2134
2819 4918
2820 2670
2821 1713
2822 753
2823 3962
2824 3627
2825 3477
2826 3851
2827 2014
2828 979
2829 2691
2830 2180
2831 892
2832 1267
2833 3055
2834 201
2835 2985
2836 3193
2837 215
2838 3535
2839 390
2840 3308
2841 3463
2842 1221
2843 308
2844 1439
2845 3079
2846 2868
2847 225
2848 1794
2849 1081
2850 4010
2851 3129
2852 2476
2853 1782
2854 1359
2855 130
2856 1467
2857 2437
2858 29
2859 165
2860 4259
2861 142
2862 1773
2863 3589
2864 4441
2865 4648
2866 1435
2867 4243
2868 629
2869 452
2870 4718
2871 2768
2872 129
2873 4385
2874 1515
2875 2923
2876 3551
2877 3047
2878 1304
2879 2221
2880 4443
2881 2187
2882 4063
2883 3396
2884 4414
2885 3031
2886 3864
2887 3767
2888 2676
2889 4269
2890 1064
2891 4252
2892 4793
2893 3350
2894 4972
2895 3990
2896 946
2897 2584
2898 2550
2899 812
2900 1441
2901 1492
2902 4990
2903 1183
2904 2360
2905 1609
2906 4607
2907 2125
2908 852
2909 3151
2910 1733
2911 4260
2912 2581
2913 1099
2914 1194
2915 40
2916 793
2917 4012
2918 4920
2919 3082
2920 4185
2921 4595
2922 1877
2923 523
2924 18
2925 257
2926 2570
2927 2903
2928 4498
2929 3789
2930 1922
2931 1893
2932 3869
2933 2981
2934 678
2935 4641
2936 3716
2937 1784
2938 2719
2939 3636
2940 4004
2941 4307
2942 1936
2943 1717
2944 1666
2945 2988
2946 518
2947 536
2948 327
2949 4396
2950 2615
2951 2293
2952 655
2953 2019
2954 1225
2955 4415
2956 2535
2957 3302
2958 444
2959 1383
2960 3421
2961 1254
2962 4312
2963 1708
2964 4739
2965 3761
2966 1174
2967 1615
2968 3415
2969 1890
2970 645
2971 1023
2972 1947
2973 2760
2974 4488
2975 495
2976 782
2977 2083
2978 2248
2979 4924
2980 205
2981 1313
2982 2973
2983 918
2984 1920
2985 435
2986 1833
2987 1578
2988 3768
2989 1839
2990 1516
2991 4673
2992 194
2993 487
2994 4524
2995 124
2996 1331
2997 593
2998 2612
2999 1247
3000 1753
3001 3514
3002 1927
3003 855
3004 2548
3005 3005
3006 830
3007 312
3008 747
3009 1287
3010 3762
3011 1785
3012 4644
3013 4675
3014 566
3015 2506
3016 2826
3017 2390
3018 2068
3019 1366
3020 3704
3021 2689
3022 3050
3023 239
3024 63
3025 4964
3026 2150
3027 4170
3028 2810
3029 4423
3030 4601
3031 599
3032 4278
3033 650
3034 2213
3035 2537
3036 1725
3037 3210
3038 4702
3039 723
3040 3013
3041 1612
3042 2694
3043 472
3044 4143
3045 2642
3046 3755
3047 1416
3048 580
3049 849
3050 4298
3051 2982
3052 3194
3053 2225
3054 4699
3055 1963
3056 3993
3057 2003
3058 2442
3059 1316
3060 4022
3061 4815
3062 4455
3063 1271
3064 4611
3065 906
3066 3318
3067 4928
3068 1281
3069 4444
3070 4905
3071 4108
3072 1480
3073 4035
3074 4962
3075 2477
3076 4295
3077 4030
3078 3722
3079 1338
3080 4992
3081 3642
3082 4112
3083 2291
3084 1369
3085 3781
3086 626
3087 1098
3088 4308
3089 631
3090 3944
3091 3375
3092 3513
3093 3911
3094 190
3095 4551
3096 562
3097 491
3098 3387
3099 482
3100 253
3101 2658
3102 3818
3103 4930
3104 3
3105 1572
3106 2346
3107 1586
3108 772
3109 294
3110 2333
3111 684
3112 4957
3113 3289
3114 2499
3115 3163
3116 1326
3117 958
3118 2515
3119 2049
3120 3730
3121 1348
3122 4091
3123 4936
3124 1333
3125 2873
3126 233
3127 4229
3128 1125
3129 2240
3130 3966
3131 2992
3132 4285
3133 4623
3134 538
3135 1502
3136 3756
3137 306
3138 1015
3139 4042
3140 2804
3141 651
3142 4402
3143 3033
3144 3655
3145 1842
3146 2388
3147 1864
3148 1651
3149 4412
3150 3833
3151 1332
3152 1668
3153 4109
3154 4134
3155 2337
3156 2
3157 608
3158 4705
3159 169
3160 1948
3161 3825
3162 3917
3163 4716
3164 2745
3165 4221
3166 1278
3167 2263
3168 931
3169 1040
3170 3402
3171 733
3172 4816
3173 1476
3174 2447
3175 1017
3176 4478
3177 3632
3178 1857
3179 3971
3180 4967
3181 4576
3182 4482
3183 2266
3184 2620
3185 1276
3186 2681
3187 4700
3188 121
3189 3102
3190 4296
3191 32
3192 441
3193 4567
3194 1234
3195 2328
3196 3607
3197 4868
3198 1570
3199 3689
3200 2167
3201 4569
3202 2720
3203 1664
3204 2484
3205 4952
3206 192
3207 3393
3208 4650
3209 1057
3210 3372
3211 220
3212 3625
3213 2203
3214 1493
3215 97
3216 3809
3217 4694
3218 1587
3219 127
3220 3110
3221 3724
3222 633
3223 3842
3224 4340
3225 1345
3226 4181
3227 2239
3228 2817
3229 2136
3230 2193
3231 991
3232 22
3233 2189
3234 1257
3235 2094
3236 2381
3237 553
3238 3744
3239 37
3240 1941
3241 1670
3242 2840
3243 3497
3244 3889
3245 3227
3246 4684
3247 1738
3248 72
3249 4431
3250 4645
3251 4365
3252 1115
3253 3664
3254 3299
3255 3948
3256 4153
3257 3429
3258 4347
3259 3119
3260 3883
3261 663
3262 3757
3263 2353
3264 3682
3265 4555
3266 4139
3267 2355
3268 357
3269 3461
3270 4191
3271 2383
3272 3612
3273 4146
3274 3526
3275 1629
3276 377
3277 863
3278 2651
3279 381
3280 3252
3281 3812
3282 3829
3283 1464
3284 1519
3285 4432
3286 4016
3287 4561
3288 2196
3289 1549
3290 3360
3291 4640
3292 610
3293 4789
3294 524
3295 31
3296 2656
3297 4178
3298 422
3299 620
3300 4148
3301 4428
3302 2770
3303 3373
3304 4733
3305 1870
3306 2440
3307 33
3308 4061
3309 2295
3310 3802
3311 4118
3312 1403
3313 4856
3314 546
3315 1854
3316 4720
3317 4785
3318 1739
3319 707
3320 4369
3321 2566
3322 3609
3323 2384
3324 4769
3325 101
3326 1337
3327 4265
3328 4799
3329 1413
3330 4218
3331 1128
3332 3457
3333 4980
3334 3621
3335 223
3336 920
3337 2606
3338 740
3339 4092
3340 3015
3341 2637
3342 1197
3343 4754
3344 4528
3345 2265
3346 1940
3347 4174
3348 405
3349 4485
3350 4621
3351 1530
3352 4519
3353 1711
3354 4336
3355 3363
3356 2853
3357 3776
3358 494
3359 1177
3360 641
3361 361
3362 289
3363 2814
3364 1783
3365 1302
3366 988
3367 1421
3368 4746
3369 732
3370 3311
3371 4923
3372 3446
3373 3405
3374 2859
3375 3960
3376 1610
3377 2560
3378 3380
3379 657
3380 413
3381 3085
3382 2175
3383 4456
3384 1365
3385 916
3386 1143
3387 2301
3388 3057
3389 947
3390 2282
3391 4282
3392 3338
3393 3576
3394 2794
3395 276
3396 2946
3397 1042
3398 2994
3399 4023
3400 1856
3401 4352
3402 1772
3403 1367
3404 1809
3405 2950
3406 1252
3407 3973
3408 293
3409 2448
3410 3699
3411 3201
3412 461
3413 887
3414 2851
3415 6
3416 3862
3417 3569
3418 1608
3419 1888
3420 3412
3421 2009
3422 1470
3423 286
3424 690
3425 1744
3426 2449
3427 1342
3428 2997
3429 3857
3430 3245
3431 2798
3432 1379
3433 2821
3434 2678
3435 4763
3436 4981
3437 4858
3438 2887
3439 843
3440 3874
3441 734
3442 2127
3443 3232
3444 2551
3445 2869
3446 3195
3447 255
3448 4128
3449 4844
3450 3840
3451 4237
3452 2575
3453 2368
3454 2867
3455 758
3456 3631
3457 601
3458 4
3459 1924
3460 3935
3461 209
3462 1298
3463 1190
3464 12
3465 3036
3466 3552
3467 1135
3468 3895
3469 234
3470 1535
3471 164
3472 3400
3473 670
3474 4685
3475 1405
3476 502
3477 2960
3478 4784
3479 1498
3480 4227
3481 3639
3482 4950
3483 1573
3484 2308
3485 3692
3486 1072
3487 1518
3488 2376
3489 212
3490 2799
3491 1777
3492 773
3493 122
3494 838
3495 183
3496 262
3497 1322
3498 2819
3499 2061
3500 4106
3501 1277
3502 3481
3503 176
3504 3139
3505 3064
3506 4960
3507 4817
3508 3404
3509 1012
3510 1073
3511 4998
3512 4499
3513 1915
3514 4804
3515 3448
3516 2648
3517 1309
3518 3168
3519 606
3520 3018
3521 1314
3522 744
3523 1006
3524 4913
3525 1543
3526 2924
3527 634
3528 2625
3529 751
3530 3573
3531 4075
3532 4465
3533 1894
3534 3173
3535 2113
3536 551
3537 1774
3538 1065
3539 1548
3540 4353
3541 2423
3542 2822
3543 1495
3544 3942
3545 3819
3546 3221
3547 4537
3548 1172
3549 2854
3550 1062
3551 2684
3552 449
3553 2824
3554 724
3555 2069
3556 2169
3557 4921
3558 4021
3559 3335
3560 540
3561 2556
3562 4647
3563 1490
3564 4076
3565 342
3566 4503
3567 1822
3568 1139
3569 4171
3570 99
3571 181
3572 4695
3573 2457
3574 2708
3575 1797
3576 3579
3577 2115
3578 4052
3579 1272
3580 1414
3581 1249
3582 207
3583 1613
3584 3797
3585 3453
3586 3127
3587 625
3588 4836
3589 4046
3590 647
3591 3844
3592 2805
3593 394
3594 4597
3595 3693
3596 1709
3597 2343
3598 478
3599 4150
3600 4530
3601 4176
3602 349
3603 4370
3604 3105
3605 671
3606 4179
3607 3217
3608 4070
3609 2792
3610 3471
3611 1816
3612 229
3613 3030
3614 4989
3615 2949
3616 857
3617 1742
3618 56
3619 4332
3620 755
3621 4676
3622 3884
3623 2967
3624 1275
3625 3633
3626 2262
3627 4553
3628 471
3629 711
3630 4175
3631 328
3632 3391
3633 1411
3634 415
3635 3330
3636 4773
3637 3656
3638 3978
3639 152
3640 1310
3641 4375
3642 874
3643 4406
3644 770
3645 3066
3646 1155
3647 1296
3648 3587
3649 228
3650 2704
3651 2143
3652 814
3653 712
3654 2737
3655 3025
3656 2521
3657 66
3658 453
3659 1202
3660 3113
3661 105
3662 1216
3663 1145
3664 195
3665 1633
3666 265
3667 3970
3668 3847
3669 1060
3670 539
3671 2163
3672 3493
3673 1485
3674 431
3675 2860
3676 242
3677 2699
3678 1722
3679 2561
3680 4862
3681 976
3682 3413
3683 202
3684 4495
3685 3640
3686 1533
3687 2223
3688 1311
3689 3011
3690 4442
3691 806
3692 1397
3693 3728
3694 2843
3695 4563
3696 3107
3697 3116
3698 1136
3699 1575
3700 3565
3701 1055
3702 994
3703 4155
3704 3004
3705 4509
3706 1491
3707 1537
3708 1191
3709 1248
3710 3411
3711 1130
3712 4104
3713 2435
3714 370
3715 2898
3716 2665
3717 1582
3718 1210
3719 2379
3720 1340
3721 418
3722 4158
3723 3426
3724 1159
3725 749
3726 1149
3727 1994
3728 3026
3729 3848
3730 1150
3731 1594
3732 2503
3733 4351
3734 2076
3735 3675
3736 652
3737 1837
3738 1160
3739 3120
3740 1024
3741 4430
3742 644
3743 1419
3744 1532
3745 3353
3746 4510
3747 4141
3748 3181
3749 3949
3750 2597
3751 3293
3752 3803
3753 4257
3754 1192
3755 3397
3756 1229
3757 1196
3758 555
3759 4800
3760 3961
3761 3208
3762 1828
3763 4212
3764 4666
3765 21
3766 1163
3767 2504
3768 3977
3769 2288
3770 221
3771 4017
3772 4310
3773 1798
3774 4320
3775 2530
3776 1953
3777 4043
3778 2445
3779 1481
3780 4446
3781 378
3782 2627
3783 1374
3784 3317
3785 341
3786 433
3787 287
3788 3296
3789 2361
3790 1297
3791 3880
3792 1052
3793 4904
3794 3333
3795 4371
3796 2469
3797 2242
3798 3106
3799 3037
3800 1444
3801 938
3802 2740
3803 3407
3804 1424
3805 656
3806 568
3807 1328
3808 3048
3809 1852
3810 3111
3811 3495
3812 4825
3813 3086
3814 2121
3815 1642
3816 3499
3817 2965
3818 2033
3819 1266
3820 3006
3821 3652
3822 2525
3823 2120
3824 2156
3825 4355
3826 3887
3827 2922
3828 4818
3829 4493
3830 3900
3831 1450
3832 501
3833 1116
3834 4714
3835 2404
3836 2970
3837 3286
3838 1900
3839 28
3840 333
3841 799
3842 2686
3843 2806
3844 2723
3845 4770
3846 3940
3847 4935
3848 4517
3849 1689
3850 528
3851 3087
3852 69
3853 632
3854 1011
3855 2831
3856 822
3857 3352
3858 3712
3859 3310
3860 3189
3861 4547
3862 1477
3863 1984
3864 4985
3865 2963
3866 3273
3867 3564
3868 336
3869 218
3870 3742
3871 4731
3872 4195
3873 4187
3874 1126
3875 4140
3876 4565
3877 300
3878 298
3879 2778
3880 42
3881 1092
3882 948
3883 1965
3884 3478
3885 3467
3886 3385
3887 3222
3888 864
3889 1800
3890 1559
3891 4501
3892 1134
3893 1469
3894 2906
3895 2543
3896 4570
3897 1244
3898 3074
3899 3138
3900 4147
3901 3202
3902 94
3903 4165
3904 68
3905 103
3906 2703
3907 2389
3908 2271
3909 4123
3910 2479
3911 4859
3912 3040
3913 1179
3914 980
3915 4808
3916 3741
3917 2131
3918 417
3919 2500
3920 2415
3921 1165
3922 4961
3923 4130
3924 1120
3925 4696
3926 2038
3927 459
3928 1563
3929 4384
3930 4102
3931 4534
3932 4713
3933 4036
3934 3212
3935 3118
3936 1591
3937 3008
3938 695
3939 4548
3940 1430
3941 2501
3942 4149
3943 57
3944 1528
3945 3622
3946 4568
3947 4750
3948 2107
3949 1933
3950 3793
3951 4900
3952 4847
3953 3920
3954 722
3955 2199
3956 2374
3957 1462
3958 1425
3959 1599
3960 2102
3961 802
3962 2614
3963 4392
3964 1914
3965 4897
3966 3041
3967 1034
3968 993
3969 4874
3970 791
3971 1291
3972 3342
3973 759
3974 4206
3975 1323
3976 4824
3977 4659
3978 3613
3979 2416
3980 2105
3981 3710
3982 4838
3983 754
3984 1747
3985 3891
3986 4219
3987 3203
3988 107
3989 360
3990 3574
3991 1146
3992 4614
3993 106
3994 372
3995 2424
3996 3861
3997 2953
3998 800
3999 4069
4000 4931
4001 4539
4002 2994
4003 919
4004 112
4005 492
4006 468
4007 1765
4008 4093
4009 4011
4010 1754
4011 1262
4012 642
4013 50
4014 2646
4015 4304
4016 3775
4017 3798
4018 932
4019 1830
4020 3783
4021 3153
4022 1895
4023 3734
4024 4261
4025 4732
4026 2111
4027 699
4028 649
4029 1759
4030 3705
4031 3754
4032 322
4033 2748
4034 392
4035 125
4036 3354
4037 1862
4038 3475
4039 1325
4040 664
4041 4448
4042 3764
4043 917
4044 3984
4045 4096
4046 109
4047 35
4048 4342
4049 4959
4050 2369
4051 829
4052 3316
4053 4210
4054 717
4055 3991
4056 3216
4057 1817
4058 46
4059 3044
4060 2915
4061 9
4062 269
4063 3096
4064 3773
4065 3832
4066 4914
4067 2298
4068 1398
4069 356
4070 4000
4071 4942
4072 4504
4073 3951
4074 2865
4075 2815
4076 3838
4077 530
4078 4634
4079 675
4080 1932
4081 3223
4082 4233
4083 1380
4084 1718
4085 537
4086 1672
4087 3240
4088 3367
4089 4925
4090 4706
4091 1945
4092 3379
4093 2552
4094 4911
4095 1803
4096 3736
4097 1685
4098 1021
4099 2945
4100 4725
4101 2050
4102 4457
4103 3077
4104 622
4105 156
4106 3863
4107 4594
4108 2888
4109 1855
4110 2847
4111 706
4112 177
4113 4483
4114 4876
4115 2912
4116 4671
4117 4791
4118 4454
4119 2918
4120 2400
4121 1831
4122 1245
4123 4421
4124 4119
4125 3683
4126 1059
4127 1680
4128 3670
4129 4830
4130 1093
4131 3881
4132 3359
4133 4729
4134 968
4135 4663
4136 1521
4137 2571
4138 1835
4139 2685
4140 592
4141 2517
4142 4777
4143 798
4144 1813
4145 3288
4146 1634
4147 3958
4148 437
4149 3580
4150 612
4151 2937
4152 1534
4153 3312
4154 1565
4155 3225
4156 2277
4157 1505
4158 560
4159 2803
4160 1799
4161 2303
4162 595
4163 2977
4164 921
4165 820
4166 3319
4167 2322
4168 3792
4169 1022
4170 2348
4171 1606
4172 2276
4173 3237
4174 2497
4175 1014
4176 313
4177 1187
4178 2375
4179 4999
4180 2919
4181 5000
4182 844
4183 1801
4184 1388
4185 1242
4186 1109
4187 944
4188 3235
4189 4097
4190 1321
4191 2259
4192 2464
4193 2844
4194 4154
4195 957
4196 3578
4197 3695
4198 2037
4199 715
4200 4001
4201 83
4202 3297
4203 4991
4204 3449
4205 2750
4206 1867
4207 2955
4208 4743
4209 4120
4210 4256
4211 3206
4212 3190
4213 1376
4214 3500
4215 3450
4216 309
4217 3646
4218 2306
4219 1946
4220 3512
4221 2659
4222 2491
4223 117
4224 158
4225 1522
4226 2875
4227 4124
4228 62
4229 4802
4230 3956
4231 497
4232 2589
4233 2335
4234 692
4235 3669
4236 4160
4237 2536
4238 561
4239 1355
4240 1474
4241 1489
4242 477
4243 2480
4244 1952
4245 119
4246 2062
4247 3801
4248 4765
4249 4778
4250 256
4251 1546
4252 4708
4253 297
4254 3821
4255 3927
4256 3058
4257 266
4258 3348
4259 2302
4260 1701
4261 2008
4262 282
4263 2297
4264 870
4265 3356
4266 4083
4267 911
4268 456
4269 1500
4270 466
4271 2951
4272 1669
4273 2327
4274 4758
4275 120
4276 4216
4277 4875
4278 516
4279 428
4280 4471
4281 1161
4282 2078
4283 2051
4284 291
4285 1378
4286 4926
4287 4188
4288 1846
4289 1937
4290 1100
4291 2795
4292 3419
4293 2493
4294 1598
4295 1243
4296 280
4297 1561
4298 1084
4299 3852
4300 2064
4301 570
4302 3509
4303 1112
4304 4908
4305 4186
4306 2118
4307 3545
4308 1121
4309 4529
4310 388
4311 1423
4312 3663
4313 3325
4314 2481
4315 4571
4316 1824
4317 2093
4318 2159
4319 2246
4320 3117
4321 1204
4322 2412
4323 4039
4324 936
4325 1292
4326 1978
4327 3691
4328 3582
4329 3504
4330 1768
4331 2394
4332 3774
4333 3416
4334 2775
4335 3474
4336 590
4337 3410
4338 412
4339 1209
4340 2538
4341 741
4342 3967
4343 1845
4344 4293
4345 3052
4346 3928
4347 1603
4348 4997
4349 1494
4350 4080
4351 1746
4352 3723
4353 1312
4354 4642
4355 2264
4356 2848
4357 3924
4358 4761
4359 1905
4360 923
4361 1985
4362 1968
4363 4100
4364 1318
4365 3617
4366 3577
4367 2772
4368 767
4369 2191
4370 4588
4371 1220
4372 4549
4373 3870
4374 3649
4375 1063
4376 1361
4377 292
4378 1399
4379 2562
4380 330
4381 3772
4382 2920
4383 407
4384 1305
4385 2098
4386 1389
4387 3981
4388 587
4389 2709
4390 1625
4391 2671
4392 3543
4393 3388
4394 4393
4395 3845
4396 3383
4397 219
4398 660
4399 1353
4400 270
4401 340
4402 100
4403 4622
4404 2170
4405 1560
4406 1091
4407 2605
4408 1721
4409 576
4410 3339
4411 2533
4412 4223
4413 133
4414 2395
4415 4013
4416 1043
4417 4751
4418 3270
4419 3968
4420 4190
4421 4996
4422 1078
4423 895
4424 4037
4425 4291
4426 4038
4427 2731
4428 3242
4429 1431
4430 60
4431 2773
4432 4794
4433 4583
4434 1703
4435 88
4436 685
4437 1780
4438 3398
4439 2336
4440 4382
4441 1288
4442 2838
4443 1676
4444 1859
4445 3939
4446 2701
4447 3133
4448 4056
4449 113
4450 2100
4451 4940
4452 14
4453 1035
4454 4031
4455 3358
4456 2911
4457 4397
4458 1995
4459 1434
4460 1851
4461 2141
4462 1051
4463 4795
4464 1468
4465 2272
4466 2925
4467 3938
4468 1999
4469 296
4470 4970
4471 777
4472 2342
4473 4653
4474 3142
4475 4756
4476 4598
4477 4059
4478 2461
4479 2444
4480 1391
4481 1836
4482 3918
4483 1212
4484 868
4485 1050
4486 1898
4487 977
4488 2030
4489 2241
4490 1804
4491 1346
4492 4542
4493 1838
4494 866
4495 2753
4496 2633
4497 4366
4498 850
4499 3731
4500 2616
4501 3634
4502 4159
4503 627
4504 4007
4505 4867
4506 1766
4507 3469
4508 4910
4509 3717
4510 4813
4511 588
4512 1438
4513 3386
4514 3592
4515 4982
4516 2067
4517 2472
4518 2432
4519 1499
4520 3349
4521 3779
4522 1004
4523 970
4524 1969
4525 1622
4526 4484
4527 2998
4528 4299
4529 2494
4530 4113
4531 1843
4532 3220
4533 2927
4534 2026
4535 3161
4536 4857
4537 617
4538 3134
4539 277
4540 1445
4541 4386
4542 1730
4543 716
4544 554
4545 3365
4546 2655
4547 1644
4548 2610
4549 271
4550 475
4551 4065
4552 3076
4553 2522
4554 2732
4555 1503
4556 4873
4557 3460
4558 136
4559 1996
4560 574
4561 90
4562 2878
4563 3122
4564 508
4565 2513
4566 2087
4567 3184
4568 1415
4569 1053
4570 155
4571 816
4572 3361
4573 2666
4574 2697
4575 1705
4576 2184
4577 2811
4578 3629
4579 2725
4580 4736
4581 1726
4582 2544
4583 4489
4584 4380
4585 572
4586 4189
4587 301
4588 886
4589 2675
4590 4114
4591 4515
4592 4071
4593 985
4594 4089
4595 3061
4596 1971
4597 4270
4598 4915
4599 3566
4600 2310
4601 4667
4602 288
4603 1158
4604 4909
4605 2487
4606 691
4607 1082
4608 1436
4609 611
4610 2545
4611 2647
4612 2386
4613 4948
4614 4232
4615 4292
4616 2498
4617 4711
4618 3713
4619 3067
4620 139
4621 4558
4622 2688
4623 788
4624 3660
4625 1569
4626 3820
4627 3614
4628 2510
4629 4742
4630 3572
4631 1781
4632 2401
4633 3834
4634 3091
4635 1729
4636 4724
4637 2151
4638 653
4639 2564
4640 1173
4641 3815
4642 2352
4643 44
4644 2397
4645 3092
4646 137
4647 2470
4648 1577
4649 52
4650 1264
4651 3567
4652 2160
4653 1860
4654 3228
4655 1872
4656 3249
4657 283
4658 833
4659 3994
4660 2660
4661 2546
4662 4755
4663 4306
4664 682
4665 4462
4666 4137
4667 2063
4668 2157
4669 1885
4670 2006
4671 4048
4672 2929
4673 3035
4674 1889
4675 3488
4676 3440
4677 2962
4678 4886
4679 3176
4680 2108
4681 3137
4682 2913
4683 4349
4684 409
4685 258
4686 2053
4687 4505
4688 3470
4689 3357
4690 2162
4691 4899
4692 3676
4693 2747
4694 4266
4695 1426
4696 354
4697 4434
4698 1440
4699 3230
4700 1811
4701 2908
4702 1010
4703 4337
4704 4657
4705 827
4706 1392
4707 3897
4708 1471
4709 933
4710 2243
4711 1095
4712 4864
4713 3563
4714 3746
4715 3337
4716 1734
4717 2192
4718 794
4719 2580
4720 2602
4721 2340
4722 731
4723 4721
4724 2339
4725 1299
4726 1880
4727 3823
4728 4318
4729 4917
4730 20
4731 2089
4732 365
4733 4192
4734 1919
4735 4447
4736 4974
4737 1693
4738 1579
4739 3298
4740 4379
4741 965
4742 1970
4743 96
4744 3355
4745 3735
4746 4796
4747 1650
4748 805
4749 4885
4750 2351
4751 3701
4752 4163
4753 4228
4754 3282
4755 3423
4756 1688
4757 4476
4758 2816
4759 4616
4760 1639
4761 2402
4762 4683
4763 11
4764 2313
4765 4367
4766 250
4767 2555
4768 4087
4769 2630
4770 2486
4771 4835
4772 1727
4773 2528
4774 3272
4775 776
4776 410
4777 171
4778 1660
4779 760
4780 511
4781 2823
4782 2558
4783 4781
4784 1268
4785 4584
4786 1506
4787 3207
4788 1881
4789 236
4790 1762
4791 3501
4792 683
4793 1916
4794 2145
4795 458
4796 2144
4797 3976
4798 2466
4799 3641
4800 2989
4801 4009
4802 4654
4803 4193
4804 4649
4805 4088
4806 1704
4807 385
4808 3878
4809 500
4810 3828
4811 4330
4812 203
4813 693
4814 2845
4815 1661
4816 1632
4817 2956
4818 1697
4819 1080
4820 2370
4821 2482
4822 739
4823 2766
4824 2438
4825 2785
4826 440
4827 4045
4828 1752
4829 4286
4830 1600
4831 1511
4832 3364
4833 1737
4834 4322
4835 646
4836 2027
4837 4077
4838 2216
4839 836
4840 4820
4841 2138
4842 845
4843 2839
4844 3274
4845 172
4846 804
4847 2398
4848 1736
4849 4008
4850 1114
4851 575
4852 1282
4853 1647
4854 4922
4855 2229
4856 1076
4857 1884
4858 4234
4859 366
4860 573
4861 2603
4862 2129
4863 1118
4864 3108
4865 4058
4866 746
4867 4472
4868 2483
4869 108
4870 3468
4871 4047
4872 1420
4873 823
4874 3466
4875 704
4876 4938
4877 3071
4878 48
4879 3799
4880 2842
4881 3261
4882 2002
4883 2690
4884 273
4885 1443
4886 2711
4887 166
4888 3146
4889 2761
4890 4686
4891 4575
4892 3752
4893 3154
4894 1279
4895 3060
4896 267
4897 640
4898 876
4899 3213
4900 4786
4901 4762
4902 4041
4903 4125
4904 3528
4905 4491
4906 2787
4907 4162
4908 4579
4909 853
4910 4771
4911 3211
4912 4894
4913 3616
4914 3101
4915 3072
4916 3965
4917 4201
4918 214
4919 4356
4920 4057
4921 4521
4922 2419
4923 2409
4924 1787
4925 563
4926 738
4927 4222
4928 303
4929 2582
4930 1917
4931 1237
4932 4050
4933 3454
4934 1992
4935 908
4936 4829
4937 4672
4938 1938
4939 1141
4940 534
4941 1544
4942 4452
4943 1993
4944 3204
4945 1002
4946 899
4947 848
4948 334
4949 762
4950 1349
4951 4300
4952 2856
4953 1124
4954 1550
4955 1447
4956 3903
4957 4927
4958 3877
4959 2165
4960 3556
4961 3835
4962 900
4963 3259
4964 460
4965 3932
4966 3623
4967 141
4968 1741
4969 2664
4970 3943
4971 4906
4972 3749
4973 3009
4974 1058
4975 1465
4976 1343
4977 367
4978 4032
4979 3643
4980 4081
4981 4688
4982 1285
4983 237
4984 2122
4985 307
4986 884
4987 1714
4988 4787
4989 4173
4990 1122
4991 4526
4992 1482
4993 4572
4994 2017
4995 1763
4996 153
4997 940
4998 189
4999 1401
5000 729